1.30694
6.35823
1.57525
-0.111768
0.854333
1.07633
-6.48042
1.01693
1.14919
-0.0528236
0.844539
-7.25456
-0.332998
0.0440722
0.351694
1.10516
2.16879
0.327642
2.55474
0.961588
0.314606
1.16268
0.734756
4.4573
1.81911
1.40368
0.766844
1.13482
2.09565
1.20512
1.16515
2.8375
0.805704
7.24088
1.11106
0.383666
1.29089
-0.0408482
-0.623992
0.18255
0.744432
2.00484
0.632128
0.619487
3.57129
7.92156
1.43909
-2.05688
1.07295
0.29245
0.749815
0.620992
1.55273
1.30403
1.81745
3.53663
0.0965085
1.65697
2.0844
-0.352137
-0.0927804
2.90158
1.34986
0.630988
0.901292
1.35156
3.37503
-2.3856
0.914015
1.50776
-0.627849
-0.360553
0.501674
1.51958
0.776618
1.33484
3.41829
0.73712
1.39115
2.55474
1.31635
5.95273
5.63621
0.847393
1.5617
0.794058
0.672912
0.548207
6.87395
-0.580163
0.570124
0.0504458
0.899062
1.89844
3.52842
0.714076
0.204736
0.129861
0.0769944
1.04204
-7.89884
1.14541
-0.0874857
0.812358
0.748031
1.32724
0.976598
5.08839
4.65242
0.513433
1.54835
1.36671
-0.828993
1.00193
0.192476
3.64757
-0.0987309
0.604855
0.582177
1.18381
-0.623593
1.55558
2.922
0.88359
1.79006
1.86834
0.435085
1.85792
1.0249
0.963099
0.554921
3.11238
1.43467
1.37836
1.73226
1.23143
-0.554005
0.473633
0.312815
-0.570943
-1.19617
2.09372
1.27065
-7.51028
-1.4675
0.0553185
1.38968
0.671211
-2.87861
2.07303
-6.78398
-1.46366
4.17127
2.62076
5.15446
2.90353
1.17566
1.71747
-0.132395
0.198973
0.87727
0.86684
6.60252
-0.26055
-1.0312
1.35776
2.31028
1.0329
-0.452144
0.815217
0.934023
0.626479
6.00311
1.04864
0.0794863
4.47003
0.307481
0.0085043
0.316786
1.00936
1.17953
0.780556
0.28524
1.01395
-4.0291
1.56379
-0.662387
0.0935728
1.84772
2.64461
2.0312
1.23671
0.405484
1.1228
1.38561
1.94475
1.35753
0.596877
-1.80761
2.19367
0.971138
1.00364
1.06474
0.249672
-5.11722
1.28355
1.4702
-0.868001
1.29236
0.898195
0.609717
1.74081
3.88914
0.767474
0.345206
5.59233
-0.222733
1.54144
-3.70884
1.43191
4.22224
-0.0482335
0.604236
0.941248
1.18056
0.380665
1.70068
0.379396
0.296701
-0.0903687
1.08033
1.58529
-0.346297
2.63826
1.63171
1.40198
1.38413
-0.254618
0.88723
-0.751169
1.0395
0.163904
1.11921
1.14578
0.949731
2.17566
0.269774
1.41808
0.865842
1.72215
1.28699
1.38507
1.24012
2.59776
2.16045
-1.84568
0.335359
0.0352018
0.855591
2.51321
5.92649
1.65917
3.78356
1.90107
1.56583
-7.10029
0.680338
0.106666
2.81483
6.50805
0.475637
1.0071
-0.230023
1.46558
1.31352
0.880196
-1.02374
2.34747
0.598797
2.17885
-0.59333
1.09161
0.371302
1.581
1.20097
0.0765473
1.75382
2.74182
1.6274
0.949859
1.0756
1.06981
-1.3653
2.18007
-5.07305
3.23981
0.926967
0.690571
1.35222
-0.493377
0.847947
0.541465
-2.00684
0.878398
1.3718
2.30826
1.21906
1.04935
0.662175
-0.146134
0.0266666
1.48212
2.33087
1.33131
1.58525
-1.52706
1.05806
0.35229
1.17347
0.833114
4.15236
0.589741
-1.11725
1.3889
-1.94174
-6.06686
-0.209077
-3.53611
-0.201091
-2.06007
4.7536
1.06985
1.07741
1.24503
-3.26098
-0.923244
0.390758
0.0171578
0.100195
1.82823
1.84672
-6.28561
1.63857
-1.21395
0.820862
0.55939
1.61819
0.771391
-0.357817
0.857182
0.667284
0.894604
1.28468
0.0520974
1.24641
1.22712
2.31783
0.332742
2.1901
-1.99082
1.51697
0.943466
0.507744
1.38363
1.3546
2.77792
3.88114
-0.360124
1.13386
0.766846
0.775514
1.41635
1.06929
1.83115
-1.50119
0.530349
0.866175
-1.73122
0.724843
1.47427
0.147973
1.16311
0.720456
1.20302
3.6167
-0.144774
0.534012
0.380362
0.764075
2.72798
-0.0470692
1.1723
1.64919
0.946857
-0.0938952
2.51717
0.471938
1.1646
0.850084
1.34619
1.18048
3.35892
0.918621
1.50216
1.49628
-1.88854
-1.53763
2.59287
-1.15133
1.35332
0.989885
3.2192
0.554307
2.67874
-0.41205
0.48817
2.45976
2.22104
1.34265
-0.210769
2.06345
-1.10368
0.822214
1.7651
0.596777
-0.555283
6.28017
1.37309
-0.218559
0.474015
1.8946
2.10772
0.149258
1.62458
2.66561
1.16538
-2.31804
3.82001
1.92047
2.45805
-1.42593
7.00455
0.876588
1.11196
-1.25202
0.681742
1.23863
0.595985
-0.28673
1.04165
1.49091
0.152734
0.606772
-0.274361
-0.451587
-5.36321
2.12974
4.82402
1.82834
1.27015
0.604726
2.20888
-5.1705
0.843278
1.67083
-1.23231
1.68681
1.49585
0.603628
-0.716696
-0.169769
0.700429
1.26603
-0.133762
5.86879
1.07121
0.657298
-0.259898
1.13344
1.84342
1.43327
0.765838
-1.29696
-0.0235621
-2.16241
4.35378
1.51927
1.80639
1.67537
0.914776
1.56956
0.430017
0.911692
-1.98165
1.30042
1.27308
-0.192987
2.88298
0.58927
1.28595
-0.394611
0.639711
1.24105
2.49939
0.149526
-1.69226
1.37672
1.41134
-0.172247
0.739281
2.29099
0.0342318
0.463974
1.85827
1.41386
1.16384
0.300751
1.39811
0.395274
4.32378
0.841964
1.77557
0.466751
1.5569
2.77823
0.840128
-0.825337
2.44417
1.50156
0.46103
1.04018
1.26333
-0.325807
2.80792
2.19467
0.807007
3.01252
0.590612
1.3019
0.871179
2.3961
-2.04648
0.627118
0.547445
4.40036
2.36488
0.818203
0.275747
0.407515
-0.905582
2.06279
1.29233
1.31155
1.29261
0.302305
6.393
1.63565
-0.0733764
0.654989
1.2776
0.876
1.13413
1.33257
1.60738
-1.17308
1.11929
0.531655
1.07025
0.943729
-0.174526
1.65
-1.41769
1.60844
5.23134
0.850457
0.669289
-0.954565
-0.705003
-0.435838
1.05731
1.53509
-2.6493
1.27891
1.32328
-4.19914
0.739505
2.51959
1.95846
0.803771
0.934494
0.484236
5.30747
-0.00317661
7.98555
3.19073
7.77097
0.770774
1.32136
-0.0360692
3.38918
1.06896
1.48428
1.81891
3.37118
0.166149
-0.577488
1.00061
2.33657
2.09199
1.32404
2.88671
1.12474
0.365183
0.915857
0.998004
2.37151
1.50523
-4.17159
1.51403
-0.982943
0.486195
1.3475
-2.05811
-0.112972
0.628357
2.20142
0.273441
3.22026
-2.97741
-0.861309
-0.871568
1.08768
2.30703
1.41813
3.86981
0.207877
2.55873
1.1953
3.66253
2.14441
-2.43538
-5.97021
1.13408
1.25234
-3.46363
1.29573
1.13204
0.815521
0.666597
-3.4832
0.633093
-0.233114
0.940909
1.38296
1.86442
-1.20239
1.14012
0.887765
1.85833
4.17017
1.50399
0.339323
-0.160724
-0.0776714
1.40949
0.822462
1.0084
1.43855
-0.198423
7.72113
1.21209
5.01984
-0.352266
0.728812
1.52185
1.03538
1.24974
-2.59986
1.68046
1.06626
0.738884
-3.66586
0.858723
-3.52007
0.314524
1.42131
2.77494
0.927252
1.97237
0.749109
1.70157
0.6139
0.0886059
-7.45281
1.20703
0.428757
2.01526
0.328554
-0.424957
1.36847
5.94062
1.39181
3.38306
1.40596
0.967939
2.21452
2.42126
2.11967
-0.471039
1.08326
1.17555
1.71206
-0.286533
1.00366
1.22956
0.901532
1.40046
1.26814
0.913704
1.58054
1.72036
1.66992
-3.49004
0.647889
-2.82533
0.7774
0.341403
0.99624
2.69055
0.280023
0.368309
-0.4676
1.23346
0.679588
0.845781
1.90929
0.945793
0.588005
1.4745
0.363889
1.07136
2.69653
1.48591
-1.22682
-3.46698
0.40965
0.0881283
0.731879
0.988258
0.293082
-0.0320584
1.41763
1.86162
0.798663
3.13855
0.778604
-3.57147
1.76038
1.64031
2.23267
5.69444
-0.208595
0.55331
-4.30035
0.283462
0.337251
3.3207
0.0509015
-0.262214
1.8269
1.97284
0.898785
0.778145
0.943227
3.40823
0.477986
-1.10905
1.25183
1.1635
2.82438
2.96235
-2.72618
0.0303295
1.02452
2.89529
-2.34365
1.78692
1.38948
0.518828
1.48111
-0.393747
1.16307
2.75118
1.56532
2.40784
0.75331
4.61705
0.960745
-1.851
1.33815
1.18583
1.42271
2.68428
1.39835
1.68017
0.461086
1.70329
-3.43643
2.394
3.4734
0.810126
-2.19608
3.16648
0.51247
1.09605
1.30318
0.9321
1.53321
0.588047
2.00309
0.966817
2.20836
1.18535
-0.0904414
1.52267
1.39618
1.50011
0.70184
1.20515
1.68704
0.691824
-1.23282
0.970799
0.564352
-0.0552806
-0.645925
3.07976
3.72814
0.535837
1.93105
4.09693
7.16862
-0.291839
-2.53037
-0.204064
-0.347918
1.84449
1.0114
1.1317
1.55958
1.71629
0.245899
0.827429
1.70289
-0.0736454
0.60092
0.940706
1.35308
3.07615
0.385278
5.86134
-0.53333
0.263909
1.80481
1.44549
0.448902
1.17331
0.618361
0.877401
0.880011
2.72322
0.582167
1.61169
0.674436
0.899593
0.694504
0.300457
3.63865
3.24293
2.51288
1.52189
0.56673
0.924581
3.61811
0.180214
3.56194
-1.07944
0.972343
1.00924
1.30338
-0.119807
1.64436
-0.0973483
1.34564
-1.18282
1.16506
1.51861
0.218953
0.907578
0.25681
1.56242
0.612762
1.57401
1.79753
0.603187
-0.723331
6.24057
0.181627
3.49209
1.23294
4.42197
1.66767
-0.592255
-3.95862
1.17725
1.10696
2.25876
0.65379
1.83842
0.0574398
0.698065
1.45037
-6.18108
0.181923
1.63827
1.64808
0.56283
0.691554
1.08544
2.43175
1.3994
2.0323
1.3577
0.788754
-1.36186
0.584033
1.54772
-1.65294
1.3708
2.01299
2.5984
1.07722
1.14548
0.385185
1.98197
0.927731
0.0225574
1.36903
-2.35571
-0.0371017
6.38332
1.38999
1.02742
0.509652
-2.46285
-1.88961
0.198184
-1.55304
0.18364
2.32397
1.07274
0.332534
3.38542
1.39211
1.07655
1.41913
0.882427
0.556051
2.20635
0.600828
4.75859
1.13136
-0.437026
1.53906
-0.0380615
2.57693
1.28667
0.534607
-4.46437
0.220376
-3.44835
0.0787018
0.158959
0.0695042
2.80433
1.45779
1.9903
0.0380269
1.44189
1.63299
-7.02677
2.26325
-0.145436
-1.23198
0.55864
1.1151
1.32588
0.659963
1.04901
1.82264
1.22544
0.42892
0.482572
1.03792
-0.662935
2.04398
2.10778
0.537941
0.240618
1.30227
2.07429
1.23745
0.7325
-0.83285
0.718289
2.71985
0.504064
-0.396826
1.14054
-1.35698
2.19459
1.70307
1.38155
0.124929
1.16105
1.46258
1.64854
1.48463
2.31603
2.08047
0.956271
-0.252914
0.840995
0.443647
-0.360701
1.44782
1.73234
1.05353
0.928651
0.73671
0.695204
1.48167
1.60079
0.549405
-4.06513
1.45372
0.757003
1.84332
2.39291
-0.00787978
1.0955
1.67419
-2.10059
2.3856
1.89823
2.10874
-0.250402
0.852575
0.474475
2.01299
2.12562
1.13167
1.49198
-4.12308
-0.899927
0.958805
-0.449316
1.47993
1.41898
0.840731
3.09567
1.49498
0.495859
0.568796
-2.08924
1.1897
1.2499
0.273621
-0.276185
1.43134
1.78405
5.87773
0.909144
1.42653
-1.23484
0.269166
2.33106
0.91809
1.22635
1.23821
0.471805
2.76963
1.32896
1.21985
1.27971
0.116513
-1.74148
-1.47762
0.989738
1.14412
2.70311
1.651
0.962316
1.31372
-0.467519
-0.315551
2.38563
0.721172
1.4187
1.21778
1.28499
1.27829
1.31366
3.784
1.73535
-2.13495
1.46639
1.36888
-1.14037
1.22057
2.30513
0.813276
0.846518
1.6803
0.491529
-1.50443
0.530189
-0.284116
2.82567
1.49016
-2.69333
0.0476983
1.76437
1.27074
1.11352
1.10468
0.470893
1.84676
1.591
1.95863
1.25272
1.34748
0.563104
-0.0469901
1.60219
1.39358
0.0301466
1.18525
1.29553
1.63342
0.664394
2.59862
1.51224
-0.032419
0.357496
1.02892
1.63936
1.45734
0.714412
1.12058
0.859451
0.736712
2.11789
1.43072
1.39263
0.968728
-0.440346
0.862734
0.412425
4.85484
1.3069
2.28123
2.56754
0.182221
0.395225
0.686683
3.74217
-0.319711
-0.706159
0.382024
1.76323
1.19842
-2.32088
1.98108
1.3338
0.151901
0.309713
1.14389
-0.0223287
0.991333
-1.66276
1.05458
7.59712
3.53317
1.55436
0.60103
1.46099
0.547892
7.76347
3.03296
2.14905
0.798606
1.35868
0.871263
1.82335
0.781309
1.10453
0.77802
-5.33841
2.00362
2.57027
0.912596
-0.277916
-1.60103
2.64461
-4.76055
1.09822
1.22849
-1.71657
-0.467145
0.543989
-0.560366
1.40785
0.272351
-0.183421
0.253296
0.847059
1.13613
2.52323
1.43141
1.76757
-2.42825
0.0331992
0.535071
1.00447
1.15783
1.00001
0.939323
-1.24585
2.06427
0.503518
1.60784
1.77761
1.51641
-0.419817
-1.50326
4.09271
1.55583
0.896947
2.41346
1.31225
1.58146
1.3209
-0.084135
0.152474
1.74308
0.99374
1.49741
1.37378
1.13636
-0.782344
2.39406
2.47111
1.34687
0.678606
0.897213
0.670798
0.790072
0.889747
0.777006
2.58412
1.03686
2.16269
-1.62274
0.843727
0.70328
0.812029
0.655799
1.31933
1.3398
-0.650118
0.688057
-0.926505
-6.97361
2.57887
-3.42438
1.93912
-1.81484
1.46656
0.388003
-3.56029
1.05711
0.357193
0.436966
1.06447
0.665531
0.206765
2.20463
1.65647
0.530695
1.23153
1.49083
1.62553
1.52246
1.14743
0.958539
-7.10587
2.54553
1.82824
5.58503
0.850156
5.06883
1.79574
1.35731
0.687484
0.858482
0.816991
1.0773
1.42056
1.87083
-4.06486
1.00434
1.06985
-0.855756
1.35966
-0.930411
2.80529
5.69494
0.205765
1.33548
1.24536
0.930371
1.30801
1.29781
0.754586
-1.00477
1.08582
1.62843
1.40591
1.15258
-0.078475
1.33301
0.790382
1.6192
1.69454
1.57596
-0.342865
1.60052
1.2066
1.01739
0.675415
-0.0215085
1.73454
0.882745
1.85315
1.50553
0.777112
-0.934407
0.579534
1.04321
0.748784
-0.462995
0.686326
1.21343
0.674023
1.01207
1.40322
-3.12013
0.94592
-0.0288644
-0.0328417
1.79979
3.75852
1.6342
3.78075
1.2329
4.16683
6.74916
-0.582599
0.333774
3.82182
-2.31731
4.2675
-1.08595
1.62263
0.953349
3.93709
-0.18523
1.49843
0.42934
1.49112
1.34427
0.210546
0.362113
1.06201
-0.303405
1.25135
0.414282
4.93868
1.36822
-1.30141
0.600565
-1.10407
1.50711
0.0376468
3.38342
0.773993
1.42852
0.82936
-2.73924
-5.8188
-1.31419
1.37989
0.145902
3.3267
1.02422
1.13051
0.949588
1.66064
2.5072
0.558003
2.06276
2.2164
-0.421462
2.61234
1.36559
1.10322
-0.986211
-2.23897
3.61491
-0.573534
0.0123332
1.68135
0.590188
-0.419163
0.203548
2.22629
0.922879
-1.35427
1.05909
-3.10192
1.9036
1.97755
1.01614
0.314435
4.06979
1.01241
5.68164
4.6154
-0.158618
-3.2475
3.33894
1.93213
0.680042
2.21812
0.687386
1.25239
1.03189
0.698097
1.21151
0.795724
0.333708
0.641554
0.990011
2.33736
1.62132
-3.47667
1.2018
1.50439
0.84293
2.52069
0.323449
-0.0987741
4.87308
-3.18117
0.15886
0.0339243
0.438068
0.666779
0.457358
6.7531
1.03736
4.32425
0.859314
0.416925
1.18058
0.877888
0.0847251
1.17746
2.57912
2.64818
1.42595
1.2177
0.900452
2.92675
-0.925425
1.49948
5.82141
2.57733
0.3522
1.22149
-0.0160139
1.58066
1.43468
0.52813
1.68326
-2.23524
1.76804
5.12352
1.11745
0.805562
-0.60801
0.946652
2.41151
0.637461
0.914059
0.665958
0.69128
1.01454
2.41116
-0.662388
0.273435
1.73154
1.33722
1.93552
0.929382
-2.05338
0.147834
0.402697
0.213919
3.43308
0.534761
-1.49391
0.236921
1.80123
0.260832
3.9361
0.628048
1.26064
-0.0688597
1.88892
1.69633
-0.258322
1.04187
1.29005
3.27024
2.21323
1.11109
3.16091
-0.957457
4.05994
3.99153
1.22582
-2.17897
1.18305
2.77534
-0.536144
1.48789
1.13274
-1.35552
0.737226
0.541
0.475962
1.33733
1.56287
2.03442
-0.968581
0.934987
0.737937
0.345682
1.583
3.61553
1.2366
4.64673
0.426761
0.401329
1.10425
0.543452
-2.57433
1.16986
1.7825
-1.76291
-0.485702
0.810433
0.351599
0.902971
0.41944
0.898167
-3.06291
0.798389
3.46298
5.90689
0.223014
0.462689
-0.747963
-3.41357
-0.0702451
0.297052
-1.21599
0.570753
1.53967
0.774625
2.00139
2.15607
7.39393
1.33151
0.556155
1.83018
0.700277
0.452444
1.63388
-2.16837
0.821043
0.95255
0.539247
0.681945
0.798285
-0.619194
0.587866
-2.33758
0.421249
-7.57434
-0.621429
1.14106
3.46202
-0.210431
2.46648
-0.666509
0.888571
4.22354
1.10682
0.11827
1.3143
0.450565
5.62377
1.548
6.07047
0.503381
1.39468
0.984307
2.92614
2.28927
1.53753
0.534911
4.42204
1.86616
2.53253
2.26648
0.607454
-5.3112
2.85175
1.18807
1.25356
1.7836
-2.81328
0.772265
0.774849
1.65515
0.530214
0.590127
4.21022
0.255297
1.57465
-1.4618
0.69149
-0.0864208
5.2049
1.44358
-2.15708
4.60791
7.36439
3.9468
2.23033
0.809663
1.31462
1.34574
0.895546
2.83016
0.827219
0.20602
-3.12406
0.687069
1.48415
0.685407
1.59859
0.815751
-3.71336
1.85098
0.478853
1.91544
1.57862
0.848506
1.07728
-5.54696
-1.18143
6.99332
-2.78356
0.396049
5.18038
-2.2713
1.92642
1.13128
-5.33593
0.611571
-3.24018
1.78566
0.731463
0.581353
-1.1277
0.729745
1.83491
0.385275
1.43288
2.40275
0.0261853
0.98951
-1.10166
1.31363
2.88407
1.56703
0.976961
1.32931
0.553161
0.672828
0.792354
2.14456
1.01244
1.43035
1.08333
-0.186147
0.0251317
0.980426
1.98498
0.675875
1.1907
7.66044
0.951654
-0.158271
3.19532
0.875538
1.16521
1.36719
0.415986
-5.34932
1.64833
1.14833
1.09845
5.26617
1.43744
-0.891652
-0.200123
-4.88317
0.0729616
0.730952
0.784677
2.30885
0.810561
-3.72534
0.987726
0.343067
1.96063
0.648638
1.55062
0.864909
0.88863
1.37069
-0.363918
5.48302
0.180539
1.7837
0.592387
0.887893
-1.51552
-1.46164
1.24478
-0.0667306
0.296182
0.669693
0.244197
1.82418
2.37776
1.04995
2.15001
2.6008
-1.94294
0.537921
3.4025
1.72904
-0.275617
1.1557
0.640789
2.47163
3.36825
-1.25667
0.704822
1.1386
1.3383
0.486848
1.43839
-1.02151
1.2205
1.12448
0.749242
0.0928633
1.19209
0.324987
0.884278
2.74931
3.64202
4.04839
1.10349
5.51226
1.25449
0.382817
0.439476
-0.468491
-1.95629
1.0086
-0.892825
0.794124
0.670703
0.200572
1.03184
1.22959
1.61684
1.19366
1.11451
1.46022
2.4585
2.28987
1.41311
0.956771
1.59514
2.10833
0.349768
0.363846
-4.39675
2.9739
0.97846
1.69317
-2.21703
1.71817
-0.578767
1.42442
0.560189
0.0682938
-1.71318
1.33655
3.13728
0.899331
1.97014
2.36644
0.990161
-1.06623
0.435036
-0.142239
0.300845
1.68576
0.905565
1.33277
0.883953
-0.925488
1.09828
0.531997
0.121014
2.61588
1.78346
0.662435
1.41994
0.209408
0.977866
0.0920973
0.981571
1.7994
1.75841
0.76047
1.23652
2.57924
0.608179
0.210321
0.918099
0.10326
-1.00773
0.864457
1.81398
1.23538
-1.9861
1.95442
1.29319
3.47225
1.36779
4.33854
1.88681
1.4097
-7.88326
1.22869
1.49037
1.10419
0.0578937
1.42439
0.396688
0.28678
2.67139
2.46581
1.23391
1.25287
2.78035
1.54729
1.90014
1.65958
1.15703
-3.65823
0.854731
0.785096
0.662444
1.96033
0.566243
-1.00629
2.64921
1.58413
0.293978
0.589084
0.136497
1.0158
1.19394
0.7739
-1.06694
1.04176
6.68695
0.856268
0.459947
1.1559
1.9195
0.757801
-0.143112
2.33204
-3.44609
1.40059
0.396213
2.39
1.38659
-0.619477
1.84156
0.982
0.913112
0.541093
0.654421
2.39715
1.1335
5.30142
-4.84098
-1.73601
2.03036
3.05434
1.98771
3.61605
0.0894293
0.627976
-0.733443
-1.98887
3.09733
0.896754
3.65073
0.469344
1.527
1.76188
0.980737
-4.53831
0.286226
1.67561
0.528042
2.79492
1.5105
0.846855
0.954628
-3.22171
-0.331391
1.35965
0.723558
0.981501
-7.73386
0.429724
1.2214
1.53908
1.68426
1.386
0.883477
0.865192
0.0514976
1.07289
0.190283
4.40255
1.19754
0.898097
0.495505
0.960702
2.76478
0.791858
0.990061
-2.98882
1.58498
3.42194
0.991162
1.11776
1.60006
0.709441
0.497721
1.35393
0.882759
3.18435
2.69144
3.0321
-1.20037
1.44194
0.507418
0.391816
2.99611
2.58463
1.33375
0.871245
-0.683685
0.835719
1.19628
0.360215
-0.784175
1.28979
-2.40513
2.21519
1.5799
1.64139
0.490028
-0.204632
0.335596
1.5376
1.12336
1.65145
0.428275
4.25956
0.788538
0.790788
0.995434
7.75548
0.489344
1.07733
1.9213
0.292076
0.283158
0.0573098
4.4107
2.04885
1.19809
-0.892133
0.570909
1.52925
-0.155264
2.55591
1.25239
1.1776
0.0559837
2.55079
1.18799
0.842538
1.1988
1.95308
1.16054
0.952027
-0.0233643
-0.00761644
1.61664
3.93457
-1.77194
-0.898557
2.33114
3.01191
1.54232
0.160893
1.23331
0.232827
5.59132
0.70241
1.05724
0.814032
2.96791
-4.61284
-2.07581
-5.33835
0.171689
-2.86262
6.21693
1.7808
0.118196
1.69631
0.11644
0.520196
-0.0501569
1.21726
0.966269
-0.356357
1.12218
0.904479
1.3311
4.38013
6.7613
2.23096
2.77476
0.655397
-2.03116
2.86374
-4.1024
1.1209
2.62196
0.714834
2.10375
1.11496
1.11685
3.01675
0.449088
5.19103
3.14798
2.0359
1.87758
0.623427
1.06729
1.19053
1.95306
0.975978
1.2432
-1.3757
0.520918
0.672085
-4.02346
-0.177513
0.801678
0.568708
1.19575
1.44449
0.697925
1.18965
0.636446
0.244183
0.662898
1.12675
0.235186
0.523805
-2.88289
1.31127
-1.58368
1.69141
0.327823
1.28747
0.946591
0.31855
0.441691
1.16058
-0.108099
1.6217
5.38643
0.351774
1.55931
0.0909292
2.36636
1.07275
0.428883
0.236305
1.51687
-2.66456
1.26152
0.704199
2.01579
1.5296
-0.321188
1.83826
0.554379
0.380812
3.02666
-0.40107
1.25079
0.562717
0.927912
7.77317
1.12831
1.00343
-2.16626
0.0278392
1.26086
4.29696
2.45491
0.854243
1.04158
0.609206
1.02552
1.38726
1.34283
-0.0870269
0.173134
2.05794
0.949361
1.14462
-0.199283
-1.97117
1.52449
0.926794
0.671135
0.735793
3.94228
1.09956
0.444816
1.67351
1.38462
0.964522
1.59334
2.23257
0.353627
1.42806
-0.78692
0.553272
0.725235
0.123637
0.194089
-7.78096
0.912896
1.17593
0.720326
0.0875897
2.51209
0.864445
0.567809
0.650213
-1.54597
-0.0170115
-2.3242
-0.0176383
1.03411
1.44906
1.38238
3.44778
1.72157
0.876718
-1.83508
0.54621
-4.24758
1.24287
1.72571
1.12693
0.539012
0.895459
0.245767
-2.6037
-1.14318
1.52328
3.0516
0.700414
0.406458
-0.479674
-7.90732
0.23722
2.86022
-3.54052
0.684854
-1.70052
1.40269
-0.770595
0.184542
1.51012
0.126865
0.406448
1.76262
2.02989
-0.990132
1.18109
-0.129658
0.0464143
0.718719
0.952863
0.851358
1.19289
1.10135
4.99192
0.90276
1.86243
1.53644
1.57735
0.747621
-0.804371
3.28607
1.1691
0.241602
-1.90395
1.09373
2.31946
-4.09025
0.851425
0.830883
0.833595
0.128615
1.13503
1.08474
2.58687
0.944316
-0.714905
-0.528883
0.943043
1.6056
1.48024
1.57076
1.33029
0.401009
1.62017
1.66737
-0.634269
1.63629
3.73268
-0.192856
0.48352
0.68097
-1.42097
2.95624
2.06132
1.38059
0.910801
1.29042
0.115081
1.97316
1.17421
-4.33651
0.8067
1.86915
-0.564876
-0.38465
3.99343
1.58474
0.745877
0.392375
2.82198
1.55225
-0.0286512
0.12319
0.19761
-0.467388
-0.610523
2.24002
5.16478
2.89042
3.33189
0.686705
0.984378
0.71421
1.05915
0.382784
2.13019
0.828278
6.57425
0.892778
2.2006
2.04724
0.600221
4.39728
3.11489
7.84682
0.718834
1.63249
2.71235
1.46791
1.61557
-0.00757491
0.463175
1.83496
0.965734
1.38916
0.197735
-0.606299
0.565762
0.225163
1.46505
1.59858
-4.58415
0.901462
1.17508
1.50102
0.731123
0.655911
0.335155
1.19486
1.15897
2.04835
1.36409
1.56677
0.566472
1.01595
2.1331
0.623629
1.58619
0.368102
0.585189
-0.754627
1.90641
1.2197
0.421107
-1.19455
7.97612
0.424587
-0.674132
-0.816393
1.09139
-1.09783
0.367316
1.70202
1.25856
1.91463
1.09338
3.44438
0.628863
-1.32231
1.80664
1.57378
0.922799
1.09776
0.538871
-1.24908
0.648681
0.824211
2.49017
-1.64555
0.940855
1.15435
1.98283
1.57728
1.62226
0.798519
1.38534
2.97432
0.275143
1.82321
-0.378905
3.96063
1.26193
1.00967
1.40859
0.967165
0.316989
1.22914
1.15041
1.03868
0.860594
0.0796028
1.26574
3.6254
0.735989
0.877931
3.60347
1.06407
1.44429
3.65823
0.85739
1.23848
3.45625
1.45309
0.345424
0.859479
1.56074
-0.417743
1.12962
0.671814
0.393069
-0.28165
0.0311401
0.885582
-0.106258
1.16915
0.070134
0.985117
1.41114
0.642925
2.76497
0.691607
1.18988
-0.332826
1.31073
1.22725
-0.398684
-0.0280398
0.29764
3.35219
0.785195
0.761445
-0.832316
4.51264
0.851508
6.74722
1.32635
0.811618
1.17256
-0.164896
0.803819
0.549687
0.00126782
1.32901
-0.0247806
1.12971
0.789745
0.563376
0.175039
-4.73548
1.17872
3.67353
-7.24502
1.2886
1.08949
0.710648
1.16032
0.598734
1.99135
0.588204
1.28846
1.58509
0.344464
2.31376
-1.30458
1.29371
-0.271146
3.89087
3.76809
0.395425
1.12661
-2.37575
1.20167
7.04208
0.937565
1.18765
0.690183
2.64189
-0.335429
2.0921
-0.205564
3.08351
0.538658
0.800121
2.22046
-1.10729
2.11786
1.45763
1.6678
-0.667908
1.7896
1.1994
-1.02156
0.929125
5.77029
-2.25265
1.21367
1.12682
0.3459
1.77929
0.41182
-6.56282
-1.33289
0.113865
1.15595
1.54034
0.97647
1.65615
-5.85034
1.03631
0.892712
0.767429
0.980318
-0.359099
1.13817
1.64186
1.50182
1.0452
2.39679
0.705723
0.0833642
0.670082
7.80513
0.416778
1.6517
1.91465
0.772663
0.756025
0.437691
0.942811
1.63953
0.798498
1.37818
1.00225
1.67752
2.80609
2.11347
1.46001
1.21588
1.32058
0.953436
0.914915
-0.276623
1.3704
1.47297
1.19626
1.42372
-1.30144
-1.7749
2.0782
-0.186526
1.12199
0.685227
3.95391
0.548765
0.299783
0.705328
1.48491
-2.37043
-2.02125
0.88235
0.24147
0.236277
1.59431
1.10524
-0.0278564
0.673963
0.274259
1.16529
0.361188
0.150701
0.195237
1.95644
0.939247
0.720528
0.987899
1.90907
5.37978
0.321105
1.15098
1.14401
0.0945215
3.7315
0.923497
-4.54585
0.129142
-0.487624
1.28866
-0.0150405
1.02966
-0.629872
2.153
-1.81247
-2.8614
6.02725
2.42868
0.590195
0.669885
-0.355768
1.39814
1.23915
-0.135217
-0.0924877
1.8429
1.41193
1.15401
1.27601
0.00792639
-0.044654
2.00941
2.91786
0.8646
-0.693623
1.13795
1.98114
-0.361292
-0.0954699
0.523783
0.702429
1.46549
3.6199
-0.0387718
2.05646
2.26652
1.01703
0.695341
-0.13235
0.908843
0.838622
2.16474
1.8743
0.21054
-0.749029
0.221299
0.896328
1.88783
0.62342
0.5404
-1.37876
7.05083
-1.51521
1.25692
-0.103389
0.989254
0.999917
1.39867
1.03238
0.88436
0.538871
0.624104
-0.394844
0.936232
0.733905
-0.741054
1.68978
2.54661
1.42514
2.87301
-1.88397
1.59748
1.62541
0.90018
-2.34196
1.35112
0.588575
0.00913679
0.374066
1.07743
3.14239
-0.320815
0.519843
3.17604
1.13892
1.68553
-1.17592
2.24117
1.74073
3.59714
4.46569
0.544885
0.369628
3.05471
6.21254
0.8681
3.19949
-3.95285
6.36079
1.04051
0.504078
-1.51787
0.928229
1.02137
1.39348
1.40852
-0.167893
2.52919
0.354347
1.10522
-7.90042
-1.52199
1.50873
1.25
1.43671
0.344847
0.868515
0.778921
0.894747
-0.086956
1.10033
1.70008
2.39371
0.723968
0.745617
1.08099
-2.05571
2.43985
1.72941
4.47983
2.48206
1.42438
1.30296
-5.85155
1.42799
1.13179
5.3303
2.95238
6.43693
-2.93567
1.02687
-0.0153464
5.33755
0.734806
0.312907
3.6478
0.743769
0.889581
0.637003
-3.27931
1.28382
1.53772
0.987947
0.274971
-0.760037
2.18489
2.16739
2.37153
2.61958
1.39044
0.0933241
1.69921
0.643597
1.27847
-4.34003
3.46247
0.0610222
0.643726
2.07437
2.2453
-0.233434
3.71924
0.852433
1.16667
0.11528
1.05207
1.72653
-0.6402
2.25047
-0.774503
1.22977
0.505025
0.822962
1.6576
0.562111
1.62727
1.11727
2.34181
1.667
0.402333
0.740763
0.907048
1.15987
0.880304
0.921932
0.0904327
0.789331
1.00047
0.837391
1.24234
0.672013
0.903025
1.03483
0.873031
4.17456
-0.886757
1.5349
0.486755
0.66752
2.24742
0.906045
1.24145
-0.611709
2.12852
1.9449
0.288488
0.650634
0.806649
0.77354
-1.23298
0.0663794
0.240281
0.90616
1.72766
0.669949
1.26594
-1.07991
1.08682
-1.04741
-0.146986
5.4118
0.699722
3.22171
1.20958
0.906731
0.990529
0.925351
0.759435
1.41656
0.390812
0.211946
0.569633
2.15328
0.878491
1.30459
0.9824
1.51525
1.21977
-1.12124
0.441891
1.22875
1.8874
1.91334
1.33215
4.25974
1.34354
-1.66365
0.95952
-2.4773
5.31683
1.59575
-2.46779
1.4564
0.464825
1.14009
3.47469
0.650663
1.58273
0.956761
-4.04871
1.95378
0.817374
1.34376
2.78292
0.252194
0.798535
1.47179
-0.835443
-0.442698
0.773652
0.71249
-1.26545
1.25757
0.881466
1.59353
0.943019
0.989766
-1.9581
0.84438
2.7621
0.792453
1.10743
1.95598
1.37506
0.413784
-0.0159889
1.06218
2.72779
2.52622
0.70973
0.480721
3.92657
1.5233
0.545569
1.22104
1.49718
2.28851
1.28913
1.17917
3.40772
-2.03816
2.01728
0.679681
0.95621
1.31773
0.917692
-4.02567
1.86698
1.76371
-0.603218
-0.522795
1.47942
-0.423996
-0.500163
2.81425
0.820879
2.08568
0.269229
1.58209
0.657703
2.04853
0.852674
2.55716
0.68983
3.61095
2.07331
1.10919
0.26265
-0.412803
1.6693
1.37355
1.99156
0.548688
6.88262
0.933676
0.814675
0.791341
0.759406
0.483249
5.57968
0.559027
4.59926
1.54436
0.934383
0.932109
-2.61148
0.880347
2.73869
0.664424
5.84682
0.524235
-0.336733
0.551602
2.55048
2.39799
-1.31051
0.772769
1.49122
-3.41562
1.31886
0.444312
1.05946
2.43154
1.50974
0.944288
-0.310466
1.08387
-0.204484
3.47181
1.51394
1.7554
2.05158
1.09465
1.93272
0.36996
1.5468
1.55964
-3.70963
0.523551
1.1482
0.491088
-0.322967
0.971357
1.36103
0.573616
1.76472
-0.47228
-0.225164
1.56699
0.0385931
0.466992
-3.27605
0.883624
1.02461
-0.830371
1.63741
0.628676
-0.479664
1.4606
0.572829
-0.378923
1.64529
3.02649
0.00522531
0.676495
1.09833
-7.22663
1.25788
2.90694
2.38613
-1.17173
0.562415
0.378696
0.912859
1.56888
0.497721
2.16222
1.66362
1.00001
-0.0932961
0.681435
-5.36638
0.827103
-6.27191
1.78127
0.54958
-5.54887
2.25899
1.56315
0.640934
1.67385
0.500307
1.1815
0.760382
-1.48149
0.976028
-0.562396
0.148681
2.80039
2.14842
4.4799
0.572206
-4.02684
0.585609
1.11685
0.101988
3.57231
5.72114
1.01441
-0.872793
1.65115
1.76265
-6.02438
5.36201
0.654439
-0.694232
0.861775
2.1091
6.90985
1.29974
0.774662
0.76257
0.396208
0.679741
2.8297
1.7136
-3.30573
0.822945
1.4513
1.20247
0.337831
0.860287
1.11607
0.549795
2.64212
0.70344
1.04498
3.64499
1.42076
0.852592
1.53584
0.18202
1.97308
0.379603
6.64854
1.4828
0.899355
-0.0217625
-3.84852
1.56977
0.672121
-2.40157
1.39444
6.55726
1.38748
0.838456
0.636535
0.200665
-2.53002
-0.330376
2.95
0.100262
-0.52372
-0.738655
0.617924
-0.585809
1.60358
4.0073
-1.46704
4.04616
-0.802464
0.999256
1.69353
4.55968
-1.19332
0.670952
2.25207
0.494018
1.70186
1.61593
0.740208
1.11453
0.932542
0.525901
-0.804831
1.33464
1.05861
0.70145
0.57356
1.03166
2.9488
1.57684
1.34636
1.39468
-0.215206
0.684242
2.59905
1.69658
0.413129
1.35975
0.0848849
1.13071
1.53034
0.0409966
1.39295
1.79527
0.577613
1.1466
1.33476
2.04968
0.681099
7.46968
0.358381
-0.505221
0.450407
1.74768
0.628925
1.05761
0.604496
-2.98566
0.771296
1.09493
0.643506
2.06543
1.25465
1.38551
4.04454
1.80415
0.89895
1.20221
0.556167
1.51737
0.481412
-1.006
1.17317
1.47285
1.18084
-0.610862
0.758151
0.829413
0.678404
2.89626
0.554754
1.33784
1.1742
0.308631
1.58877
0.0175856
2.1889
1.20815
2.08357
1.64337
1.10078
-2.34612
1.29682
2.5052
2.27446
-1.53654
0.718602
-0.598238
-0.267252
0.873848
2.67241
3.44639
1.3917
3.26569
-4.22399
1.78626
0.953461
1.61042
-0.254159
0.147879
1.34623
1.30982
1.52487
3.2038
-1.86543
0.858126
4.30647
1.14148
1.13715
0.33154
1.6559
1.08864
0.758171
1.19621
0.300996
-0.0230061
0.945543
2.07302
1.55804
0.0027247
-0.753843
0.511449
2.07278
1.53471
1.56099
1.72132
0.694102
0.8096
0.346003
1.90276
1.48285
-0.0502399
-1.25876
0.819296
-2.59459
-1.15705
1.48722
1.11458
0.94777
3.25612
0.696429
1.64553
0.842506
0.994178
1.07913
0.935023
1.69468
0.436911
1.60005
4.08202
5.41267
1.27736
1.6694
0.726891
0.0471268
0.685405
-0.15871
0.143239
2.01992
1.59508
0.949661
0.361031
-0.307914
1.35282
1.25709
2.67891
2.36125
1.30383
2.34279
0.701932
-0.897193
1.21253
1.25767
0.922927
0.813689
1.09909
1.48433
1.4799
4.72952
1.14926
1.19499
1.36175
-0.37249
-0.0185256
1.24922
1.0499
7.32678
1.74207
-0.399388
1.15999
1.60758
2.0029
2.09433
-1.66666
1.05619
1.76861
0.626027
0.888211
0.5109
1.47211
1.13331
1.60933
1.86751
0.669724
0.134533
1.58002
-1.07388
2.64247
0.904401
1.28689
1.66205
-3.01614
0.606751
1.07291
0.599423
1.84806
0.560192
1.48378
-4.42716
1.48531
3.15044
4.85163
-1.87612
1.34593
-2.11631
0.509999
0.199936
1.54212
4.07895
3.68671
-6.83966
-1.17746
1.44103
0.676601
0.900419
0.708002
1.12506
-3.06576
-1.83704
-6.74599
-2.17612
2.71811
6.2769
0.781884
0.969371
0.866147
0.843423
0.638054
0.809343
1.74297
0.0545962
1.30686
1.25092
1.21316
2.78421
-0.449122
0.842541
2.38794
-0.0618046
-0.413561
0.891361
1.07675
1.61159
-0.0457184
0.548272
1.42727
1.4241
-1.56783
1.3241
0.28783
0.983269
3.31038
0.907486
1.22979
-1.71223
0.33213
1.42714
-0.495101
0.500186
1.42681
1.12848
0.796763
0.438826
1.73544
0.182543
0.309544
-0.237004
1.27456
0.872506
0.972257
-0.888864
0.968789
0.0474768
0.673933
1.38186
1.65127
1.00855
0.889362
0.389231
-3.83988
-2.64062
1.18887
5.6938
0.923883
0.992974
1.1396
2.07362
0.520499
1.00089
4.21402
1.6671
2.00251
-0.654494
1.05901
-2.79914
2.26986
0.30686
1.4198
-0.425961
0.817245
0.0982061
-0.451855
0.801433
1.8735
4.88955
1.40945
1.21868
2.20681
0.964933
-2.16442
2.01944
2.51815
-0.139363
1.72977
1.27904
-0.305348
2.05819
1.18756
1.62013
1.03224
0.486255
-0.0838593
0.652466
0.458304
-0.0673797
-0.115847
0.952976
0.700095
1.19693
2.02321
1.73355
-1.61658
1.32345
1.23092
0.559495
2.28885
1.46789
-0.295884
2.37377
-0.0385788
1.53039
0.977667
-2.00037
0.984482
0.811836
1.08717
1.73226
0.608064
0.689512
1.99137
2.95187
1.99064
0.50681
2.23236
0.862042
0.824832
1.78748
0.965953
2.18527
2.77455
-2.68015
1.39423
-0.453466
3.99813
0.939053
1.30314
5.92276
1.3741
0.200932
-0.45122
0.981745
0.84189
-1.09394
0.60433
1.17858
0.407426
4.48989
1.17065
0.744205
0.93045
1.87958
0.14916
-3.74702
1.32822
0.536534
0.370778
1.0883
0.795481
3.96704
0.375973
1.18918
0.596476
0.540391
-0.887861
0.843438
0.977995
1.20216
1.77277
3.89099
-0.427706
0.865731
-0.831255
0.101877
1.16699
1.47217
0.634504
0.430354
-0.0833088
0.61018
0.326471
-0.751765
1.85786
0.714593
1.72671
0.495427
0.635583
-0.391254
1.35411
1.0002
1.30475
0.999637
1.22654
0.313311
0.375237
1.56958
1.35166
1.95869
0.753196
2.59925
2.12704
1.3976
0.867649
-2.30821
0.304227
0.962698
0.93637
0.539803
0.0941337
0.72315
2.42625
-1.03562
3.11847
-0.376864
1.16548
1.89026
1.14366
4.72935
1.40457
1.44264
1.07971
1.09766
2.97902
-3.04585
0.775803
0.904827
-0.272791
0.944945
2.19784
1.05442
2.84582
-0.258992
1.82994
1.41935
1.07691
0.819261
0.912719
-2.5306
1.51469
0.301728
-0.792732
2.55688
-0.813659
1.88511
0.0199151
1.03414
-2.46138
-0.731633
1.45166
0.996759
1.63076
-0.917037
1.00697
-2.80284
3.75734
1.02697
0.955433
1.02472
0.905614
1.59434
0.959325
0.82975
2.01795
1.31364
1.42763
3.12485
0.698468
-1.81134
5.6907
0.423229
2.93325
1.60839
1.58227
1.36969
0.620284
1.06708
3.38581
-3.73279
0.736918
0.886492
-0.749664
-0.720499
0.363894
-1.8212
-5.25963
2.49094
2.5521
-4.18609
0.463318
1.21629
0.12257
1.4836
1.03552
-0.144691
0.708174
-1.58637
1.00599
1.65067
-1.58123
-0.629808
3.18297
0.770389
0.496257
0.279738
1.53964
1.83727
0.501386
1.43858
-0.200799
1.42488
0.385811
0.876437
-1.12776
1.27831
2.30798
-2.14804
-0.395296
2.94675
1.52112
1.02172
5.15825
1.32302
1.11836
-1.4796
1.03416
5.32357
1.23731
0.265209
3.27415
0.31384
4.96599
0.95307
0.954405
0.577849
1.88167
0.68278
0.826649
-1.38001
1.58935
0.159661
1.26536
-0.11761
-3.5304
-0.205314
0.229041
1.00127
1.44152
0.941873
2.14558
-1.18417
0.425988
0.489719
0.852896
0.844484
0.855051
-0.575162
1.30269
2.40845
0.693924
2.07576
2.08593
-1.53651
-0.342888
0.760469
-0.195384
1.17023
-4.69473
1.38828
0.89415
-1.37161
1.19521
-1.11112
1.3131
-0.00911542
-5.78429
1.00048
1.38361
1.45033
2.71154
5.23875
4.42151
-4.12866
-0.221031
0.91476
0.11327
1.01073
1.17451
0.978758
-3.1825
2.5378
0.631239
0.40718
-1.14525
0.291823
1.21842
1.89298
1.36997
1.5459
1.83583
6.19569
0.826685
1.67581
-1.19396
1.30138
0.546099
3.09835
0.873236
-0.109879
3.11821
-1.06754
0.877611
1.01918
0.988702
2.78687
2.22943
3.04362
0.717818
1.22216
1.42379
0.434636
1.5436
-0.380363
1.01212
1.39697
0.574402
1.02992
1.12206
-0.121337
1.46617
-0.774464
1.85143
0.726426
1.4764
1.01938
0.922079
3.49542
4.20465
1.4458
-3.19922
0.681112
1.13927
0.413347
0.261349
0.424046
0.899668
0.4432
1.73524
0.737785
3.11431
0.900118
0.545721
1.27258
3.56769
-0.399769
5.65007
-3.22902
3.57232
1.76153
1.00385
1.19924
-0.104646
0.13146
-2.67655
1.53654
0.620837
-1.61973
-0.151733
0.730124
-0.762833
0.937505
1.07538
-0.810569
0.124729
-1.13265
4.48943
0.12501
2.12976
3.56078
1.84451
2.35793
0.152331
0.545495
-1.25105
2.65343
1.37827
0.296615
2.36474
1.38826
1.90096
1.11388
-1.2452
1.70104
1.60074
2.18799
0.972158
-2.96697
0.531466
-0.0558347
-0.844459
-0.295384
4.50096
1.69931
4.88373
1.03433
0.31988
1.05097
1.64823
1.55687
0.745431
1.1516
2.4936
-1.62278
0.333174
1.20382
0.754249
1.84059
1.52113
2.03936
2.50758
2.35205
-0.635355
1.16549
2.33789
1.01548
0.751029
1.07139
2.4959
2.51771
0.62021
0.869219
1.28229
-3.61475
1.83783
1.29321
1.14778
-0.965988
2.53125
2.58356
0.445644
0.922462
-0.657023
1.60392
1.84294
1.787
2.62677
-0.149015
0.6681
-2.10873
0.840583
5.21429
2.68305
0.122464
3.65143
1.21189
-0.121353
0.1974
1.89689
0.749025
1.10898
1.41768
-0.470157
0.51113
1.59369
1.18105
-0.00168481
0.231266
0.150048
0.35524
-1.09005
0.411485
1.6822
2.95381
1.4989
1.0676
2.53354
-3.74608
0.461961
1.27087
0.283177
1.05948
2.30568
1.19159
1.18505
-2.9337
-2.5888
0.828671
2.29394
1.86129
-0.0828241
0.741565
0.658252
0.962334
1.10757
1.38934
0.493146
0.7478
0.930189
0.691534
-1.34935
1.72812
0.419412
6.8096
2.34317
7.31471
5.80236
0.215974
-0.00927547
-0.731361
1.70141
1.08755
-1.79839
0.74171
0.14033
1.83999
0.173928
0.627049
-0.541914
-1.04628
0.906174
0.593306
1.21282
1.40581
0.958469
1.11344
1.19567
-0.547462
0.192002
1.41835
2.30477
0.463448
0.971182
1.77538
0.0880577
0.955935
7.35007
-0.972623
1.15624
0.643123
-3.37177
0.1235
-0.79643
1.85278
1.76586
5.04642
0.728991
0.668161
-0.785875
2.4975
-6.09453
1.57358
2.79167
0.937374
6.07066
3.74154
-0.230486
2.99878
0.313554
1.4287
0.224135
0.138434
-0.366419
0.973094
0.977749
1.0907
1.15444
1.56833
1.27086
0.0209501
0.634886
1.33098
-1.22392
-0.111848
0.689774
3.70731
1.54356
0.923229
0.708009
1.17173
1.07942
0.974425
1.05815
2.29143
-0.306463
0.987775
-0.450819
1.11335
0.903407
1.04492
1.4536
1.59102
-0.663871
0.621769
0.88873
-2.14753
4.03031
0.616014
0.724426
2.18365
0.476196
-0.418337
0.98499
1.64048
1.06427
0.485683
2.07812
1.25832
-1.00853
0.966388
0.844626
1.30791
0.148945
-1.52892
0.659367
5.42068
1.34862
1.29677
0.158243
1.51641
1.0704
1.90128
2.5094
0.370118
1.22145
1.4319
0.936342
0.790562
1.60992
-2.68732
-0.722211
0.0992614
1.37708
-1.61123
1.80176
0.721723
0.325143
-1.16818
1.42785
-7.68356
1.71056
1.24743
2.8258
1.72242
1.05824
2.63674
3.80572
-1.5832
1.69146
0.73265
0.528464
0.827355
1.03692
1.80927
1.31638
2.15677
1.75619
3.36628
-2.22508
0.588049
-0.00343441
0.201451
1.18379
1.48933
5.51478
0.0780158
1.85355
1.36242
0.844092
0.656811
3.34326
1.09161
-0.169688
-0.181017
0.374649
0.0198361
2.13903
1.78863
1.17424
2.05762
0.814504
0.941346
0.433516
1.02749
1.26133
0.76359
1.44004
0.977236
0.123159
1.2135
1.13053
0.0130859
0.33035
0.184796
2.18869
0.969403
-0.702821
1.13955
1.45208
0.0995611
2.83206
6.48025
1.41998
1.06066
1.72312
2.35032
1.41993
1.74375
1.06038
-0.178187
0.731161
1.05365
0.701799
-0.640678
1.96263
-0.349571
1.41516
-3.19059
1.52229
0.507805
-1.19833
-0.371066
0.997756
-1.82089
0.605558
3.14637
0.379427
1.23335
0.960391
1.06346
0.639628
0.567084
2.21208
0.30934
0.750498
0.961993
-1.76312
0.921898
6.38284
-0.42219
3.75204
1.19542
2.04877
-0.123967
0.977163
0.378375
2.02064
-0.604542
0.605933
-5.24857
-0.112275
1.31714
0.890464
2.34973
0.974541
-2.55624
-1.68968
1.00411
2.61604
-5.89085
-5.67846
0.0577101
1.01921
-0.325509
0.152276
1.41623
0.982865
0.821691
5.15353
3.14127
1.95014
0.343155
0.276163
-1.80478
0.562213
1.31673
1.02345
-5.12966
1.09948
0.501121
-7.31623
0.911175
1.33068
0.152539
-2.13713
1.12772
0.348816
1.11657
1.82917
0.23739
1.13935
0.591346
1.07955
0.372815
1.09365
0.317911
1.2063
-3.59695
0.324606
0.921922
-1.0287
-0.844585
0.953509
2.58663
-0.518728
2.76478
1.31866
-6.98744
0.135214
2.81691
1.22903
0.356748
3.03362
-0.580726
-0.930371
6.65166
0.905709
0.957863
-6.56346
1.32844
1.15713
1.58817
2.52604
3.98709
6.71546
0.775511
1.4169
0.933311
-3.53205
1.05685
0.781428
1.1499
2.56504
1.37921
0.865866
1.53329
1.92969
0.741836
0.297673
0.926042
0.828021
1.53933
0.595677
0.940169
1.18831
-1.41143
0.65868
0.665156
1.36222
1.05974
2.61585
0.386581
0.997519
0.791144
0.763321
1.32207
2.54485
-0.0403988
1.31657
1.64096
0.35445
1.89011
0.725749
2.04145
3.1448
-3.83984
0.0969564
-0.449018
-1.01948
0.531645
0.932704
-6.52626
3.28791
0.988424
0.320293
6.71107
-2.6206
1.47228
-5.76454
-0.846489
5.17725
1.25075
2.26213
1.56181
0.773161
1.30208
1.58105
-0.105672
0.930051
0.2527
0.689365
-0.835977
2.0021
1.3626
0.147146
1.07011
0.529006
1.8221
4.24474
-1.8193
0.950764
1.32088
1.03759
0.946001
4.46767
0.973134
-0.463768
-2.15053
2.27159
0.688833
-0.00798032
1.15305
-0.22224
0.819029
1.039
-7.99603
-2.39421
1.72863
-0.261524
0.713795
1.07116
2.59843
1.77104
5.94116
1.16718
1.02131
1.49522
0.192803
1.5115
-0.289247
4.03495
2.4863
5.02859
1.67999
0.592238
-0.25543
4.11763
1.46052
1.08091
1.2621
0.848723
-0.196626
1.45294
0.983069
1.09897
0.314262
-0.807578
0.709387
0.525186
1.38955
1.40219
3.04355
2.27257
0.868143
-0.0374138
-2.20496
1.65762
-0.313057
0.486638
0.927859
2.07913
-3.27184
1.90865
0.398893
-7.79848
-0.056582
2.01972
0.649455
1.38758
-1.98628
1.94172
1.34388
2.123
1.24145
-6.58527
-5.21584
2.07332
-0.317198
-0.351521
5.67852
-3.55054
3.37619
0.282265
0.219709
-0.0471907
1.66674
3.72283
1.50154
-0.0693106
0.0297571
0.275517
1.7891
1.10795
1.74536
2.09045
5.94714
1.41541
0.118133
2.27975
-4.71339
1.24882
0.210015
0.96615
0.203819
1.63591
2.75146
7.71528
0.971981
2.29467
1.15196
1.42667
0.832785
0.431263
1.09057
3.04184
0.880942
1.29017
1.01518
3.3427
2.40296
0.0392886
1.23612
2.75519
1.30191
-3.07236
-0.176002
1.09573
7.39452
2.52684
3.56718
1.37551
0.536211
1.91595
0.021512
0.334745
0.291744
0.779156
-0.221926
1.34619
0.066777
0.361
1.21864
0.510883
-0.149791
-2.15107
1.11543
-0.749361
0.930668
0.270112
0.405141
0.947479
-3.95383
0.219403
1.93133
0.506897
0.57402
1.92966
6.41767
1.20005
2.1758
0.481151
-1.13314
1.06984
1.19787
1.06342
1.05491
0.623713
1.05561
0.807678
-0.563797
3.61755
0.337919
0.951693
-2.31287
-6.26376
1.16297
0.88304
2.62556
2.73843
0.106751
0.639215
1.10138
0.658977
0.975464
0.296125
0.890662
-0.0639059
1.82444
3.56971
-0.419048
0.9647
0.0694553
1.27515
-0.162455
-5.18547
0.269291
1.35122
3.61489
1.83211
1.49017
3.53847
1.2089
0.942648
-2.01263
0.82019
3.11068
1.35307
0.0727062
0.621772
2.1141
4.20829
1.67769
1.18591
1.95427
0.26699
2.05364
1.64239
1.80923
1.27605
1.0425
1.31982
0.726766
1.27435
1.58875
1.18113
0.0745074
0.278668
5.46966
1.08162
1.068
0.669747
-3.52246
1.56567
1.1923
-0.768071
3.60836
1.95064
2.03054
1.73165
7.6821
3.64142
0.37531
0.123551
-1.07476
2.89735
1.89587
1.23798
0.80192
1.56504
1.20052
-0.449671
0.862972
1.45088
-3.73736
0.61469
-1.38728
-0.036231
-7.39778
1.57198
1.26396
1.56162
0.0623717
-1.48341
0.137427
1.2888
3.10396
-0.405771
0.983166
2.34156
2.22905
1.24238
1.36445
0.67775
0.98972
-1.01329
2.1743
-1.74584
1.30399
1.5671
-0.810197
0.379143
0.796603
1.16954
1.01688
1.29255
1.7732
-2.01982
2.23656
4.16967
0.858133
1.47554
2.37059
1.5604
4.1791
1.34806
1.20727
0.486594
1.50085
-1.74813
1.40943
1.62988
1.73284
1.23022
2.62431
2.12905
0.893074
0.867889
-0.000457295
-0.900186
7.15947
0.352431
-0.842578
0.094756
1.45423
0.219464
2.00384
0.517372
2.12826
1.38772
0.190177
1.32123
1.46495
1.41014
1.51983
-2.39939
1.31036
1.41373
0.244985
0.043993
1.78824
-0.867553
1.34515
1.60199
-0.527814
0.88746
0.449198
1.5864
0.816061
-0.0069553
2.05053
-5.72746
1.46164
1.82952
3.07976
0.177693
1.14541
1.68416
-0.259623
5.38038
0.450514
1.01305
0.65794
-0.0511553
1.26723
1.51443
1.18012
4.52054
-4.42712
0.269726
-0.762813
0.610485
1.14688
-0.0137997
1.18944
0.691292
3.15744
-2.24177
1.03132
3.82369
1.00587
1.79791
0.188726
1.53462
2.39626
0.978708
2.14413
0.58598
4.22671
0.682212
1.38033
1.31081
1.50979
3.27945
0.584371
0.710289
0.0895279
1.18613
0.99128
0.916666
1.15013
0.651515
6.66449
1.25458
-0.546627
-4.84556
1.45627
0.637069
-5.70516
3.0927
1.63598
7.74273
1.89715
0.626199
0.0415819
1.02149
0.311646
0.854019
1.57187
0.800109
1.38635
-0.317536
-5.36807
1.88937
0.972482
-3.82889
0.422924
1.44982
0.749536
1.29517
-0.466798
0.868351
1.68292
0.135912
0.411224
-0.758331
1.25733
0.985742
-5.30662
1.03704
-0.158039
1.31301
1.22203
0.600905
7.55215
-0.796395
1.28633
0.93767
0.942868
0.200153
1.00361
0.749659
0.68016
0.348712
-0.740745
1.22599
1.38154
-1.83597
1.76994
1.0628
1.02979
1.03555
1.92519
-0.899111
1.26613
1.57348
-0.20143
0.230698
0.565259
0.481865
2.97727
1.50969
-0.132766
0.550369
0.500009
2.0292
4.49438
5.33294
0.784096
0.473681
0.0138352
0.177042
-0.0658662
2.25399
-2.35895
1.92519
0.0047755
6.02214
1.53637
-0.0598974
0.881689
7.03905
0.267092
-0.206013
3.68898
2.00091
1.4131
2.39663
-2.69848
-0.297582
-0.0334073
1.31221
0.809264
-0.208285
1.54099
0.843411
1.2836
1.43484
3.09297
1.26033
0.639353
1.71298
0.662682
0.847537
0.676894
-0.347356
1.58369
1.27248
1.06032
-1.5844
0.675979
2.19646
1.4253
1.31749
1.52776
-0.842888
0.867937
1.50599
5.99986
1.13376
1.09134
-0.17308
0.104718
0.992077
0.74593
1.82368
-0.318874
1.30079
0.366965
2.91301
-2.55861
1.66692
7.35343
1.42002
2.23756
0.51067
1.53073
1.26872
-0.128286
-0.657246
1.78801
-1.83887
0.841702
0.792298
3.61553
1.63811
0.768377
1.0012
5.77332
0.959831
2.23133
-1.24694
-1.03463
1.82165
-0.419543
2.15798
0.632892
1.8972
1.39541
-0.298812
-4.29965
1.00326
0.729298
-0.208211
0.410448
4.516
0.682084
0.970248
1.39087
1.05341
0.358611
0.167577
1.79211
3.28495
-0.692337
0.557838
-2.93609
1.55913
1.52306
1.4784
2.23327
0.611693
1.00976
0.00119464
-0.967859
-0.983346
-4.52515
0.312296
1.56812
1.33792
-0.129483
3.33574
1.49357
0.986466
0.517998
-0.550973
5.00182
1.40037
1.24344
3.16008
1.39203
-2.52712
2.12469
1.2974
0.626984
1.06192
0.381745
0.679902
1.32318
1.47996
2.03667
0.610695
2.31658
-0.814197
2.73965
0.830289
1.67724
-2.46934
1.33522
0.979172
-0.48285
1.02551
-1.46104
0.967474
1.71171
-0.116697
4.89771
1.13828
1.77555
2.68363
1.77986
1.86639
2.52896
0.901278
1.29698
5.33516
2.67239
0.796003
0.532359
3.02687
1.33264
3.71024
0.126701
0.642724
2.17957
1.02424
0.712052
-0.196538
1.20397
0.871166
1.7223
-0.789109
2.43033
0.709168
0.428973
1.26504
1.12732
-5.11277
0.190307
2.03667
0.215635
1.05846
1.33932
1.47124
1.35738
-1.1609
1.47677
0.947024
5.80652
1.86596
3.06161
2.70155
-0.03995
0.293691
1.60769
-4.90664
1.4064
-0.901167
0.73128
0.757965
1.2217
1.41031
2.40837
0.901619
1.21985
1.64527
0.840876
1.32861
0.643735
-1.47475
6.37081
0.858688
2.88742
1.06233
1.40614
1.0788
-1.28688
0.968558
1.60462
-1.75429
0.226715
1.62576
-6.0445
0.655708
1.12515
0.306966
2.36611
1.30385
0.744855
1.03068
-0.866475
4.67146
1.33099
2.91038
3.41745
1.05236
1.13223
1.20626
1.21688
-1.62665
2.57659
1.28694
-2.68335
3.49153
2.10177
-0.304966
1.08698
-0.185892
-3.32572
1.16651
-0.241688
1.10239
0.665927
0.209207
1.40103
0.42785
2.49066
0.21094
1.22002
-1.79522
-1.84723
-0.98267
1.0104
0.285176
0.736019
-1.56254
1.52503
0.771208
-0.00710423
2.0699
-1.00233
2.24765
1.05362
0.542088
1.24642
1.2535
0.859134
-1.20062
0.698632
0.441675
1.0522
2.06135
1.2473
0.431971
2.0056
2.44445
2.14091
0.194456
2.40489
2.3283
2.41842
1.08401
0.437571
0.753501
0.680895
0.455446
0.656226
1.01306
0.137219
1.29794
1.22556
7.25402
1.78594
1.23631
1.00809
0.891397
-0.0955258
1.98664
-0.690585
-0.607948
-0.606222
0.805498
0.985985
0.471944
0.981631
4.12877
0.94092
1.73283
0.980951
4.67503
1.81904
2.36248
0.480133
0.494972
1.17724
6.76198
0.0393275
0.78017
0.633848
1.61967
-0.183483
0.665123
1.38564
2.28683
0.735638
1.52303
1.39887
2.70088
1.34533
1.14254
1.33305
4.38463
1.93445
-1.11971
0.892434
1.92328
1.17885
0.719008
0.99722
0.792617
1.07599
1.40872
0.036431
0.303775
1.16618
1.20919
0.14228
0.613379
1.67889
0.750999
1.52091
2.12058
2.09934
1.6809
3.04879
1.64904
1.30358
1.09614
0.269623
1.9578
-0.342654
1.98719
0.792274
0.687612
0.890028
1.07874
1.94044
0.91186
1.69047
0.993468
2.08967
0.334512
1.93049
-0.313391
0.705707
1.49162
1.88723
1.43759
1.27719
-5.403
0.402611
1.91966
0.79291
0.884872
0.747019
0.381703
-0.28207
1.10799
0.43122
0.210619
0.267657
-3.94331
-1.34578
-1.63882
1.09301
6.15193
7.95836
1.16002
2.03072
1.9884
0.66813
0.847696
1.05572
1.25484
1.68832
1.66812
-0.0766236
0.558247
3.9205
1.69665
2.49411
1.35561
0.700921
-0.378134
1.04887
3.58524
-1.23928
0.430613
5.07522
0.758575
0.827459
1.23771
0.83121
2.52595
-1.06113
0.386725
0.480347
1.27784
-0.221224
1.49492
1.83628
1.00759
1.27747
2.33529
4.6191
0.302304
2.28717
0.814823
-1.6931
1.008
0.436941
1.51543
5.81146
-1.4967
-0.164296
-0.161973
1.93395
-0.101012
1.39261
0.505694
2.02571
-0.446982
0.997839
-0.738547
6.33332
-0.116854
1.41238
0.900998
1.39638
0.8078
5.27647
1.59628
2.53937
6.31285
0.840273
1.43756
-0.816689
1.54136
2.46944
1.33967
1.89111
3.18307
2.15891
-1.58417
1.18667
2.44869
-0.755961
2.44491
0.669476
-3.04855
0.472757
0.803693
-2.94562
-2.98579
-0.246836
2.58674
0.579548
0.476462
2.09098
3.50135
2.09984
-1.66379
0.668807
-6.17147
1.13439
1.86224
0.739744
1.00924
0.367054
4.76217
0.0845627
2.54581
0.816661
1.86898
-0.130786
1.60687
-2.46433
1.43023
1.38616
1.50128
2.14067
1.15527
6.29724
-0.0549685
0.895842
0.21371
0.403355
1.16957
1.37025
3.91674
0.92837
1.61731
2.37303
1.81747
-1.57875
-0.540532
2.58943
0.583456
-0.117725
0.976779
1.96368
0.243867
0.0872842
1.8019
0.857134
0.3403
0.867752
0.728254
1.29758
3.10252
0.923243
0.256997
0.355192
-0.434251
1.74511
0.576509
-0.0860673
0.976435
-0.474337
3.48866
0.758169
0.924299
0.778417
-4.51696
0.585572
1.29868
2.41172
0.432712
0.644306
-1.06012
1.6594
-2.12065
-4.4111
3.48741
0.293109
1.46794
3.72361
-0.480635
1.18986
1.82625
1.08511
3.89588
0.729657
0.821465
-1.15952
1.35828
2.88437
0.742442
1.77854
0.560732
1.2982
0.0797954
1.99756
1.53667
0.761422
1.76801
-0.409744
-0.404606
0.443364
0.368109
-0.175182
0.188936
1.1675
1.25509
1.15662
1.40565
1.10701
1.41449
0.415752
2.05903
0.0633624
1.27013
0.939387
0.939537
4.47077
0.697722
0.595705
0.829045
1.0586
1.37944
0.419687
1.89458
5.17656
1.32628
1.55262
-0.857792
2.00344
-0.754339
-4.13439
1.1849
3.78982
0.105596
1.43562
-0.102125
0.697382
0.0233916
2.49577
1.45483
1.97477
-2.19001
1.3731
0.889644
3.93004
1.05268
-0.259349
0.789701
-0.110893
2.81164
1.82334
1.16595
2.09041
0.941151
-0.123558
0.518357
0.875351
0.354059
-0.471788
0.0223622
-0.308029
0.3399
-0.179151
-2.22232
1.69489
-0.810691
1.57244
1.19877
1.26626
0.881769
2.27196
0.68817
-1.06114
0.285964
3.43331
-1.14261
0.751182
2.91432
0.620973
1.17868
-2.24678
1.04219
1.45779
1.86239
1.15421
0.419973
1.17849
0.864036
1.14254
1.03953
0.393151
0.288955
1.40939
2.6744
1.1749
-0.0761512
-2.0276
-2.19013
1.1948
7.39067
1.1998
0.195649
-0.666311
0.750583
1.31633
1.30008
0.499224
0.457863
1.67003
-0.919477
1.18015
0.537839
0.874399
1.87858
-0.459364
1.05319
0.864758
0.550939
1.1382
0.996613
0.263489
0.103426
1.31529
-4.80329
1.61873
-0.227351
-0.543449
1.95607
0.419119
1.58665
2.4965
-4.98489
0.833057
1.33787
2.23849
1.60005
1.81849
1.43405
1.13562
0.984118
-0.750545
1.01828
1.52593
-0.324955
1.10099
0.660827
1.83374
1.1685
0.464775
0.298844
1.19409
0.960024
3.57393
4.38239
3.48941
1.15135
1.23422
1.41027
2.65915
1.21664
0.269311
-2.37972
1.51004
0.665257
0.820595
2.85356
1.60883
0.933637
0.345664
1.66256
0.621492
-0.022306
-1.17817
3.44559
5.04086
-0.814578
2.88491
0.710784
0.892212
0.341599
3.10037
2.74611
-0.88874
1.27863
0.603236
0.478605
-1.35301
0.834752
1.05859
-0.175737
1.60191
1.37004
2.17281
1.49237
0.71755
0.72204
1.17662
0.295639
1.27647
0.772627
0.394465
-1.02758
0.973438
3.04723
0.713907
2.83574
-1.1568
1.20058
0.613109
3.73566
-1.7178
1.17883
-5.53788
1.36447
1.19488
-0.145024
1.0218
0.914261
-5.13246
3.5279
1.07198
2.13107
0.556442
0.0958434
1.30913
1.89348
-0.142757
0.847235
0.83434
1.11101
1.44802
2.02162
5.39413
0.718292
1.48634
1.34515
0.536785
-2.21083
-0.331415
1.36505
2.16932
0.17659
1.60086
0.766867
0.697588
0.28962
0.852705
3.81321
0.791529
0.551744
0.454163
1.05881
1.49931
0.746909
-0.747588
0.871396
6.04842
2.96797
0.963516
1.42192
2.38208
2.5296
-0.324433
0.876947
0.964657
0.128561
1.42297
1.4105
0.497534
-0.513493
1.08738
1.08415
-0.085061
5.66951
2.51745
1.29951
-0.420618
1.01967
-0.53442
-1.51601
-0.231988
-2.3866
1.30902
2.98585
3.34799
1.30346
0.738944
2.39549
0.233044
1.08158
5.55976
-1.23192
1.18378
1.2593
-0.0978377
1.35618
0.967316
0.457018
0.538773
0.804125
-0.00766021
1.0288
0.373143
0.957325
0.74492
1.06383
1.63302
1.42434
0.97766
-0.0125175
0.012736
0.415922
2.26351
1.89604
1.05573
2.07276
1.35663
1.06137
1.63615
1.7127
1.16634
2.51466
4.3364
-0.385055
-0.57175
2.06277
0.989228
0.910677
1.28596
0.849265
0.886964
0.950437
2.0795
2.79376
-2.99768
0.059671
0.340883
1.54143
0.74145
0.7803
0.187222
0.747624
2.51661
3.30709
1.01918
-0.410438
0.482822
1.13164
1.84964
0.850349
1.43848
2.27944
-1.8356
0.643089
0.727572
0.574923
1.47401
2.83653
1.26264
-3.26458
-0.209432
1.17897
0.602414
-0.174641
3.29783
-6.25993
-7.61535
7.66441
1.3792
0.662239
0.685466
1.12929
2.90999
0.786412
-1.44887
-0.666891
1.43177
0.212495
1.6531
0.760631
-0.285731
0.708134
1.66201
2.39645
2.09854
1.98988
6.23182
0.765186
0.267845
-0.940768
1.06441
0.801671
1.46197
-7.61374
-1.29201
0.157294
-0.934808
1.3396
0.352057
2.51494
0.678023
0.269069
1.25283
2.11872
-0.277555
0.990718
4.36676
2.64566
-0.208245
0.857062
3.84461
2.25269
1.66711
-1.74645
0.199353
1.33438
1.20797
-0.613292
0.670285
0.367686
0.864044
0.425323
1.04801
0.860031
2.29896
0.411229
-0.171053
-0.103693
1.51642
2.73612
1.13968
1.25927
0.480226
0.380856
0.929677
0.937541
1.97683
0.631911
1.03356
1.304
0.250826
1.09141
0.715548
1.21156
1.23251
1.57522
-1.45471
1.33862
0.497029
3.19339
4.47885
2.20927
0.4999
0.421893
1.77075
-2.31833
-0.288509
-0.786931
0.0129303
1.07415
1.68429
-4.49152
0.768205
-6.08169
0.093407
3.17794
1.10306
-5.44887
1.1825
1.89258
0.588279
2.72538
1.3515
0.82564
1.41052
0.732368
0.326866
1.07288
0.838932
0.437363
2.05126
-2.35762
1.49722
1.12991
2.06431
3.44951
1.66066
0.677744
-1.81329
-4.85745
-5.96559
0.984472
0.230144
1.64231
1.16189
0.83257
0.584101
2.84241
1.29486
1.11395
-0.238114
1.02309
1.21378
1.47631
1.42288
1.60689
0.222081
2.91544
0.813952
1.16061
1.42604
0.582809
3.04768
-0.878604
1.77247
0.978678
-4.93562
1.80203
0.686814
1.38072
2.33489
0.965568
-6.48941
-0.00553283
2.14674
3.68128
2.41607
1.06667
1.18583
0.770796
2.22706
1.05075
0.918048
1.45568
0.74095
-6.5685
1.42099
0.863466
-2.73735
1.50961
-0.403482
-7.33698
0.343476
1.73203
0.636731
1.91236
0.975514
-0.136506
0.343161
0.458892
1.0518
0.583058
1.01102
1.67716
2.89851
1.35728
-0.408298
0.783192
-5.19744
2.58873
0.697118
1.05478
3.20839
0.32417
1.47555
1.02616
1.86625
-4.85174
3.20205
0.756175
0.836425
1.00676
0.852663
1.11564
1.49937
0.798436
6.81414
0.836058
2.88024
0.938883
-0.898993
1.28939
0.386403
0.863963
0.862219
0.106568
-1.21509
1.01758
2.61491
1.69947
1.45103
1.36878
0.364672
1.25669
1.90939
0.214036
0.399974
0.756674
0.387211
4.30316
0.359425
1.05195
-2.85406
-1.70498
1.31717
0.835823
1.16199
-0.819592
1.49276
1.85901
1.25444
0.817839
1.8243
2.22104
-0.71368
-3.7952
-0.659377
1.59938
1.45863
2.17541
0.186807
-2.10132
1.26877
0.708676
-0.813028
1.29309
-1.72202
0.420119
-0.602626
-0.46694
0.547745
6.05728
3.08843
0.423097
1.48862
0.926085
-2.03719
-0.916424
0.884793
0.86813
0.907072
1.96141
1.02796
0.20433
0.557866
2.96407
1.01457
0.657837
0.221506
-0.365971
-6.32793
1.52435
0.9792
0.966668
1.46598
0.933075
1.23737
0.877769
-1.72069
1.07222
1.36644
2.7799
0.169369
0.646082
-2.00922
1.01888
2.06851
2.37242
-0.465379
5.77649
0.40146
1.97145
0.933871
0.0783137
0.898849
1.49297
0.864967
1.38611
-0.306398
7.32536
0.458989
1.02162
0.552389
2.0783
0.518417
1.54695
0.0755408
0.182793
2.56908
1.86203
0.158831
0.797639
0.933318
2.13899
0.964818
-4.82491
0.786552
2.75675
0.977005
0.426904
1.44937
0.783139
-1.47758
0.93063
3.53545
0.481067
1.08056
3.79307
-3.51108
0.852447
1.10385
2.02474
2.25871
2.13191
0.760584
-4.5584
1.77124
-0.0458407
1.62989
1.31545
1.48717
1.43107
2.56513
1.81169
0.831509
1.3473
0.90067
1.78462
1.23282
1.05705
1.26839
1.13504
1.7721
1.34745
1.06568
0.458212
1.1328
0.157065
0.679793
0.925168
0.628575
0.486272
-0.620002
0.612012
0.459543
0.199442
0.212187
1.71656
0.530882
1.66549
0.399382
0.891344
1.39522
2.46768
2.77647
0.655614
7.19134
1.49696
1.42679
0.752745
1.89306
1.87637
0.159937
0.260146
-0.438709
1.34239
6.75229
0.380631
0.860314
0.80663
1.75448
0.939796
-1.21349
2.14016
1.39037
1.13756
0.883153
1.06919
1.74197
5.20698
1.59338
1.60705
0.331856
0.842975
-1.23286
1.21661
0.993361
0.840069
1.27862
-6.1377
1.78918
0.737855
2.1791
1.23355
2.09589
0.78865
1.91484
1.09604
0.753278
-1.19867
2.04232
1.28704
-0.179009
3.63243
2.44485
-0.0200697
1.17173
3.13513
1.23159
-0.427496
1.04388
1.89832
7.36804
1.60593
4.6576
3.40689
1.35471
3.02499
-1.15289
2.99227
1.32004
1.84685
-0.706871
2.46746
2.22743
1.37944
0.56533
0.714364
2.03927
0.639119
0.598916
0.498007
1.03295
7.21267
-2.02339
1.68065
1.00539
2.19983
-2.27126
0.437577
1.39075
0.876555
1.68092
1.00805
1.15103
1.117
1.34572
1.57075
0.289614
0.63434
2.00656
0.787399
0.866485
5.35524
0.657694
-0.78137
0.791345
-2.83253
-0.0817095
0.735737
0.503029
0.564861
0.621487
3.29176
0.509485
1.38398
1.7694
0.248895
4.09888
0.98846
1.27443
3.19941
1.57639
1.35479
0.322343
3.62967
0.576466
1.16666
0.800674
-1.7955
0.565084
1.1217
0.49304
-0.561488
0.400602
0.37431
-0.346108
2.27815
0.709926
-5.24312
1.81592
1.65703
3.18079
0.70896
0.105174
0.582234
0.882462
1.38029
1.79092
0.128209
1.25746
0.44101
7.66971
0.519373
2.53228
1.03709
-1.83401
1.29951
2.52286
1.02509
-3.08917
0.0368349
-0.470831
1.28923
2.81897
1.36655
2.18435
0.876078
-0.760841
5.79838
1.10534
4.56283
0.470148
0.421989
0.435105
1.52899
4.01895
1.21604
0.103116
1.57749
0.554511
0.0188025
-2.86162
1.43377
2.71669
1.38877
0.714874
1.60004
1.19165
-0.483112
3.92417
-2.24519
0.810321
0.475659
1.00312
1.5719
0.0425159
0.808961
6.96343
-2.08555
1.38475
-1.74831
6.00246
0.98842
0.21657
2.07196
1.04361
0.0574448
4.16663
-0.409668
2.18638
1.38842
1.71798
0.580272
-0.589421
1.69659
2.44634
1.28939
0.556318
0.765516
4.13977
0.925912
1.48975
0.873157
1.12569
1.42071
1.47881
1.27593
-0.148739
0.426622
-0.97228
0.352216
0.416542
-2.93152
0.322854
1.22697
2.29002
2.86719
0.261405
0.956776
2.97137
1.30137
1.57809
1.37378
0.84039
7.78611
0.314335
5.9521
0.990575
0.9725
2.33127
1.29263
-1.6311
0.967287
-1.73647
2.08142
0.613929
0.484185
-0.699236
4.11561
1.47756
1.45896
3.63606
4.00458
0.3545
0.645352
1.78352
0.158069
-1.26589
1.11136
0.430019
4.34041
1.34849
3.60543
1.35675
-2.83251
0.465647
2.3283
-0.293829
1.074
1.72038
1.62649
2.59224
2.55955
0.814173
0.938197
0.868122
0.897809
3.17476
1.11933
2.56381
0.9859
0.491125
-0.925318
1.26894
-2.40092
-1.07224
3.34767
1.77015
1.96309
1.23584
-0.747153
0.441553
-1.7228
-2.44186
-1.14159
0.0939933
-0.73069
0.405949
2.7416
1.56347
7.54198
0.951888
1.56465
1.75482
0.329203
3.03397
0.236756
2.82405
1.80294
-4.27171
0.961278
-6.75643
3.45306
0.0579674
1.41879
2.94339
0.742501
1.47629
-3.41016
0.637256
1.96162
4.59293
0.448993
2.45692
1.93915
0.96815
0.892041
4.54218
3.68985
0.767236
-0.269702
1.13369
-1.60373
2.03395
1.50138
0.913708
1.061
-1.83529
1.50616
0.540273
-2.79888
-0.126039
2.25067
1.2824
-0.797524
2.58469
1.03238
0.76483
0.409461
1.47635
1.05814
0.996182
1.71722
1.56448
0.643276
1.67606
1.14283
1.01817
1.04184
1.59915
0.765263
1.24689
0.660441
1.87846
-1.18668
0.607822
1.0095
5.45026
0.994628
0.918768
-0.302573
1.08377
1.50903
1.19872
0.344261
0.0166736
2.07789
1.00211
0.801064
1.13843
-0.55992
1.3367
5.52051
1.72371
-1.392
1.73344
2.11404
-0.258317
1.39113
0.327517
4.01342
1.62864
2.63228
1.48071
1.87043
1.15676
1.32732
0.275464
0.568044
-7.48677
1.40935
1.91362
0.907591
4.88656
1.51164
0.599568
0.799076
1.76095
1.49509
2.08591
-0.959752
-0.024001
0.951985
0.641368
1.33849
1.61861
-1.18929
0.773358
2.02595
0.361067
1.28494
0.693229
0.933181
1.73137
0.931431
1.93196
1.36106
-0.194989
0.80286
-0.0297511
1.59112
0.86675
0.0537708
3.88987
1.52413
3.03913
-0.0439525
0.407045
-0.191998
-0.846591
1.50144
0.677539
-0.571709
-1.42967
1.74282
-1.38186
0.805221
-2.23654
4.86458
2.8058
2.58228
0.797007
2.19478
0.869524
1.25104
1.28818
1.06054
1.05854
1.04885
1.91449
0.843223
-2.21144
3.75054
1.5967
1.344
3.23168
2.74952
-1.12588
1.55559
-2.22956
0.755463
2.03921
-0.364903
0.793545
3.45515
1.60237
-2.6096
1.15569
1.94347
1.05926
1.76179
-3.97182
0.607397
1.62908
0.988667
0.297144
0.987268
0.417393
0.418997
-3.6049
0.30753
0.6025
1.02528
2.90536
0.928369
6.43706
1.10037
0.894086
-1.55132
1.03615
-0.419222
1.0925
0.130673
-1.90256
1.66345
1.21574
0.260033
2.25836
1.51699
2.46496
3.19218
1.13775
1.28256
2.63575
1.18567
1.08346
2.12311
2.08326
-0.276742
1.75615
-0.218363
1.53968
0.993223
1.56411
5.4737
1.75824
-2.82209
0.212823
0.849142
0.917107
2.14965
0.12168
1.0916
1.03694
-1.72967
0.337887
-0.221553
1.51958
0.863456
-6.47442
-0.386782
-0.86561
-0.367214
2.53859
1.57837
1.94308
1.09719
1.08094
1.05224
0.495722
0.641609
2.19026
1.33491
0.997973
1.9346
1.63503
1.45677
3.00599
4.27486
0.605394
-0.0305087
1.64399
0.421812
-1.2068
0.408264
1.8401
2.34074
1.89953
4.14142
-0.675093
0.439032
-0.427935
0.908969
-0.0331128
1.27993
1.49429
1.45174
-2.69034
0.0765672
0.752025
2.16725
2.60172
4.51166
0.842324
0.784834
-0.627122
1.58078
0.471829
5.03768
2.10702
0.508393
0.74454
-0.689219
-2.49167
-0.662681
0.585892
-3.47066
0.835451
0.740227
1.20115
1.81973
1.38429
1.87498
-0.366415
1.37878
2.8405
1.13111
0.122161
1.19267
1.45792
-0.40213
1.02763
0.0378692
1.64156
1.20255
-2.9486
0.680015
2.4706
-5.45339
2.40294
-0.0531237
0.611226
2.07576
0.48649
0.650935
0.561338
0.150757
4.60601
-3.38028
0.404747
1.02115
7.61133
-0.300392
-0.230135
0.813476
0.837558
1.1098
0.980751
-0.318788
1.53954
0.925879
1.31972
0.32051
1.12508
5.20663
2.83032
2.70833
1.28926
1.34924
2.49534
2.35457
0.637737
-0.663839
0.606254
0.891338
2.06294
0.905953
0.934864
0.591482
-1.0718
1.28816
1.25569
0.855871
1.5011
-3.41286
2.47765
0.823442
1.1179
-0.3348
1.24102
0.808537
0.598841
1.49238
-2.3185
2.05748
0.984216
-0.142416
-0.602987
0.0245458
1.30443
0.465132
2.79488
0.627145
-3.28642
0.638101
1.45173
0.221531
-0.37024
1.46013
1.75313
2.48514
1.09433
0.129434
1.94426
-1.79688
0.650597
1.28142
0.957055
1.70596
-0.912587
2.55189
0.945742
0.502981
0.864634
0.693761
1.99645
0.695168
0.51267
1.54938
1.06639
-0.0321074
0.890542
-0.21978
-0.658338
-4.26379
1.08791
2.5016
1.59514
0.354615
1.21053
1.31632
3.13491
1.60988
0.813821
-2.13379
0.423582
1.5657
0.973868
2.13718
-0.0473745
5.00857
1.614
3.63697
2.20354
0.964372
0.649831
1.03662
0.538017
0.396239
0.696004
1.76156
1.97384
0.91871
2.10817
0.8996
0.16539
-0.131471
0.828492
-2.70121
1.12372
0.0609903
2.90009
0.803055
4.25134
1.01374
-0.26753
0.366986
-0.068945
0.883648
2.2207
1.46071
1.75931
1.26422
1.05819
-0.320187
5.66566
1.00427
1.14184
1.1584
-1.59284
-0.489577
0.809635
-3.12386
0.15491
0.129509
1.58232
1.03246
1.37743
1.56979
-0.986354
2.52206
1.34301
0.698238
1.50749
1.774
0.934982
1.40504
1.68794
2.37818
0.696732
0.0127612
-0.695017
1.14978
1.72995
-0.0476555
1.48972
-2.48924
-1.94317
1.87736
0.337993
1.53574
0.240745
2.20139
-0.858476
2.18801
1.21713
2.84484
1.25526
-3.58843
1.81407
1.64667
0.901176
2.67635
1.10286
7.28332
0.756297
0.495704
0.688274
-3.24645
3.08447
1.83814
0.738017
0.666259
1.67474
2.48837
1.46529
-2.21615
1.46443
2.08674
0.75102
0.744299
0.247624
-0.712363
3.72361
2.04648
1.75062
4.27634
0.613357
1.79253
1.20531
-2.91689
0.673154
5.03856
0.0963597
1.68528
0.332227
3.29516
4.97355
1.55241
1.84891
2.42212
-7.06155
-7.01798
0.785234
1.79965
2.14733
-1.14617
0.211222
4.18595
0.99628
-2.6761
0.330129
1.05304
-0.311382
2.01944
0.240851
0.645697
-0.260816
1.03528
5.8454
-2.77581
2.03921
-1.55402
0.806889
0.698263
-0.000870387
2.19075
1.12942
4.05896
-3.44199
1.59685
0.835538
1.54184
0.940871
3.2506
1.2139
1.68747
-5.75912
3.40502
0.962264
0.811164
1.38985
0.272381
0.943159
5.58933
-2.80343
3.47006
2.24127
0.350537
1.99792
0.052195
0.853494
0.308313
-0.64221
0.784318
4.98799
4.09856
-0.320802
-0.876553
2.23311
2.01832
1.52647
1.34552
0.597298
0.475531
1.53259
0.627864
5.3175
0.137287
1.44075
0.467648
1.26148
-1.83744
1.52347
0.606463
0.594081
2.35674
0.579031
0.904574
1.71542
0.74513
-3.25077
1.39911
1.21341
1.02836
3.18595
1.1002
2.5148
1.22426
1.01298
1.61291
1.07352
1.2968
1.25013
2.45761
4.52572
0.196954
1.46437
1.64468
3.19375
0.516573
0.66706
0.457637
2.41067
2.07011
1.33643
0.655589
2.39558
2.32683
0.932479
1.39532
0.37857
1.49363
1.14467
5.30899
0.986024
1.00151
-1.3267
1.08433
7.92615
3.57325
0.435003
1.36391
0.525082
-1.42494
1.38779
1.00218
1.67889
-5.21465
1.25218
-0.33053
2.50524
2.9715
1.90689
2.15016
0.0802275
1.09422
0.507085
0.882348
1.33085
0.17204
-0.593457
-1.88905
0.498026
1.22972
1.17988
-0.666107
2.61943
1.41045
0.325052
-1.27676
1.53832
-1.0235
0.10569
3.20644
-0.208107
1.03377
0.569401
-0.68138
0.672337
1.04755
1.36455
0.841319
1.09691
2.02725
-0.576422
0.449719
1.60605
0.431896
-0.294094
0.753458
1.64336
1.51015
2.84983
2.45833
1.1612
4.20619
0.942098
0.974129
2.68252
0.416576
0.84656
0.266735
4.03114
0.778534
1.72825
1.64777
0.0317037
0.80515
0.994476
0.886953
0.869294
0.0728237
2.59576
0.324898
2.62206
4.63409
1.63938
1.17384
1.36198
0.463006
-0.672613
0.96328
-0.29823
1.20768
2.12958
0.681191
-1.6424
-1.64932
1.02164
-4.70179
1.27191
2.92163
-1.663
0.500121
1.83575
5.5036
1.36457
0.235442
1.20894
1.28445
4.96405
-3.60164
0.255679
1.82637
-3.46703
-0.857854
1.4153
1.76156
2.5531
1.08776
0.983387
1.41753
2.51968
1.74803
-2.05267
4.17478
0.973241
0.697419
4.69838
1.08732
0.569444
0.948428
2.00346
2.5487
1.49972
0.573034
1.57501
0.572626
1.46617
2.68642
1.25362
0.517345
0.640936
0.98427
1.24984
0.74657
-0.260773
0.386665
-0.498286
1.41038
3.08486
1.61169
1.00132
2.19573
6.42625
0.0111309
4.9163
0.953217
3.1936
1.45194
1.20665
-1.64119
1.29897
-0.3657
0.546736
2.40708
0.80308
0.0374888
0.356866
-1.81232
1.50495
-0.625876
0.24428
2.04532
-2.84566
-0.888655
2.24411
-0.840367
1.21393
2.24566
0.950499
0.861387
0.77502
0.584498
0.370614
0.21495
0.960712
-1.38016
-2.34234
1.2076
2.16048
1.08101
0.433288
0.899916
0.70489
0.82101
0.323796
1.83041
1.57016
0.402614
0.804723
0.769747
0.765075
0.391387
-0.147911
0.129752
-2.30947
0.337268
-0.398582
1.55935
-0.192721
0.791859
1.78542
2.02034
0.772688
2.3808
-3.74684
3.61295
1.60659
3.23391
0.819447
1.57952
-0.633287
0.398169
0.516006
1.55105
2.71418
1.4389
0.559364
1.26229
1.35961
0.228113
2.14638
-1.74786
1.69337
2.64644
3.35382
3.88734
1.50762
1.41341
-0.337369
0.763548
-4.27595
1.85037
0.962411
-0.201126
1.67889
0.655344
2.02328
2.26892
1.41818
1.78378
-1.01565
3.10364
0.0267678
0.418319
1.12958
2.30206
3.79604
0.634505
-6.9372
1.72118
0.93147
1.59221
0.716554
3.07698
1.13662
1.26156
0.410285
-0.395455
3.53573
6.86298
0.621914
1.81455
-0.0833334
0.445895
2.03177
1.25768
-0.0996908
-3.78674
1.65294
1.16374
-6.7344
-4.31796
2.15965
4.26358
2.62045
-1.39644
2.35589
-7.48588
0.770307
-0.753086
0.801905
1.32787
-2.52149
0.974214
-0.529291
0.459373
0.159572
0.771001
0.101113
0.605673
1.52661
2.61305
2.76398
0.8268
0.130232
1.51677
1.59854
1.78826
2.18971
2.21117
1.14295
0.946634
-1.66144
1.48849
0.901081
0.435335
0.713561
0.498562
-0.730353
1.00212
4.05987
1.13838
0.330866
1.33118
0.281574
1.13088
0.994663
1.15467
0.324701
0.726692
7.12602
0.422965
0.105204
3.2034
0.92422
-1.33019
1.14409
-2.39594
0.754232
-1.78948
1.31906
1.46061
3.33535
1.94645
4.05388
0.923487
1.00182
0.774839
0.814883
0.863711
-0.127992
2.36285
0.599304
1.65004
1.34614
2.16652
0.752851
0.599993
6.44242
1.34478
1.9906
1.1216
0.261059
3.70543
0.873256
0.0606957
1.49292
0.422815
1.10164
0.700961
-0.291326
0.563576
0.578106
1.88329
1.07933
0.917786
1.37576
1.56975
5.63403
2.98755
2.21403
1.60167
1.84207
6.2129
-0.0376848
3.85361
1.32136
0.511005
0.796171
0.517054
2.07277
1.91482
1.14492
0.89031
0.610752
0.833438
0.816551
2.35363
1.6887
0.749115
4.40097
-0.254758
1.99955
2.29278
2.39367
1.53787
5.68223
-1.75826
0.690808
0.128686
-2.53838
0.237323
1.25495
0.733979
-3.2879
0.218872
1.46304
-0.138019
-3.18111
4.56064
1.41971
0.612594
-1.48823
1.6633
1.34078
-1.02651
-0.140509
-5.1278
0.361194
0.192799
1.1204
0.595839
-1.08316
0.350289
0.497654
1.25494
1.43256
-2.26603
5.09221
1.40038
1.17178
1.32615
-0.47907
3.75067
1.7064
2.16168
-0.687127
0.505404
-0.90683
0.904183
-1.10862
2.40815
1.22874
1.1902
0.773101
0.65032
-7.42515
-2.01521
1.58107
1.34776
1.35627
0.665938
2.5258
1.6133
1.09694
1.40752
1.27508
0.573704
0.494216
2.1149
0.73562
-3.96734
2.47785
1.18258
0.606097
2.16634
-3.29295
5.18286
2.40303
0.529344
1.50319
0.965309
0.773868
-4.22391
1.76663
1.18313
0.420515
0.660685
0.678997
0.0606988
1.1617
0.988578
-3.31555
0.856413
0.121795
1.27076
0.654553
-1.2604
1.84983
-3.34695
-0.0273058
0.125964
0.467511
0.25185
2.02062
-4.5271
2.20336
0.549882
-1.99259
0.926325
0.229671
0.958372
-0.347686
4.18524
1.52344
0.926484
0.139209
3.02773
2.27715
0.0544885
1.7923
-1.09389
3.08973
3.81202
0.711891
0.647828
2.49316
0.190818
0.960328
1.66111
0.45133
0.556112
0.435048
2.70926
-0.578675
5.65637
1.3775
1.33558
4.6166
0.702508
1.42894
0.815186
0.896721
2.03293
-1.31803
0.552501
3.45885
1.22333
1.52686
1.60982
2.05804
0.237361
-0.772976
-0.751126
1.2756
5.34825
2.01661
0.618528
1.55979
1.01035
0.773296
1.45253
0.368208
0.540207
2.87084
1.25861
-2.16159
1.61701
0.770526
1.2318
0.875032
4.22195
1.15751
2.21485
2.15562
1.63614
1.99043
0.971958
0.791217
4.19011
2.01535
3.27865
1.4472
1.87321
1.444
3.10185
1.55426
1.08091
1.58184
1.47105
0.761915
0.631308
0.193733
-2.03615
-7.76223
1.69473
-1.62178
2.19951
-4.12914
1.04221
1.16595
1.90961
0.807775
0.855444
1.66794
-0.400929
1.95567
0.224084
0.231648
1.02592
1.65827
7.08619
3.10917
-1.54042
3.21443
3.25316
0.945565
0.424177
3.89544
2.64513
1.7673
0.810235
-0.523314
1.09521
0.127785
2.15216
1.23301
1.36732
0.170388
1.40527
1.39136
2.12224
-6.22001
1.56909
0.948384
-0.305775
1.34537
0.326118
1.30427
1.40591
1.24222
1.31402
1.04193
0.364315
0.436537
0.413652
1.34359
1.08995
0.795333
1.0347
1.66966
-0.170812
2.03857
0.948789
2.11488
1.1592
2.93602
0.804688
1.30776
3.875
5.2575
0.674505
2.76096
1.41246
0.393265
5.8154
0.60047
1.16252
1.06128
-1.04421
5.79056
1.62948
0.773658
0.348121
0.552992
0.297883
4.11979
3.45671
0.800058
0.373887
-1.18414
-0.129635
3.25409
2.10289
-0.244255
1.15001
1.35807
0.933549
0.618229
1.55584
0.393464
0.772262
-0.588181
2.82785
0.630894
0.395748
0.271332
-0.27714
-0.419058
1.48262
1.3774
-0.535307
1.99794
1.162
1.25028
0.522117
-0.432504
0.891506
0.494929
2.18648
0.928011
1.06792
-0.302463
1.14865
1.9947
1.05711
-1.60613
2.07468
1.11766
0.981644
1.1873
1.05247
0.0166408
0.704285
0.402113
-7.5065
2.43906
3.13754
0.1994
1.85981
-0.556673
1.61855
-0.976774
0.28631
3.03538
1.34453
0.56078
5.46711
1.6047
1.03077
0.118655
-2.19303
2.57885
4.81373
3.33883
0.897544
0.282357
0.878706
1.2412
-0.112262
-0.158511
-0.251218
1.84795
1.23856
0.861812
0.264645
1.35039
1.39051
0.896252
-0.685572
0.973107
1.59229
-1.91716
0.953871
0.529582
0.870173
0.97625
-0.815018
0.223775
-0.56036
-1.06057
1.50241
1.3536
-0.580966
-0.0216722
0.318914
1.33907
1.72053
1.73086
1.15733
-5.19511
1.76789
0.344527
0.307222
1.16998
1.15706
-0.578639
1.31747
-6.13175
2.82244
2.05695
1.51229
0.911289
0.638749
1.54154
0.583132
1.33481
3.93763
1.29244
2.1621
0.551847
1.55479
1.24019
1.59278
0.485428
0.87304
0.704689
-4.91456
0.922387
1.45553
0.390125
1.49191
-0.0543377
1.2125
0.802801
1.13015
1.09275
1.18007
1.64311
0.862587
2.94562
-1.25446
-3.41667
2.11934
0.074531
3.97749
2.06278
-2.05027
0.897558
1.09927
1.29545
2.57511
-0.00899106
-0.780504
0.908155
-0.587545
1.34868
-3.08521
1.13284
-3.65312
0.828935
3.49787
2.43566
0.0592427
1.6477
1.24347
-0.176547
4.13483
3.46956
-0.342581
0.806584
1.46688
0.376305
1.63613
1.73358
1.72352
1.09724
0.00838681
1.33028
6.09856
2.74248
0.285965
0.846017
-2.78789
1.55065
-0.322624
5.03641
0.671237
0.405344
0.755939
1.66915
1.24866
0.932771
-5.07983
0.350767
3.52664
0.811967
0.452752
3.6745
2.25727
1.15117
1.7892
4.40841
1.76928
1.85555
0.884799
1.06196
-4.07198
4.55299
-4.03171
1.3738
0.44807
0.0708396
-0.36641
-4.28858
1.4123
1.28278
-0.0126862
2.0238
-0.281549
0.352068
0.26727
-0.637641
3.027
1.46013
0.886186
1.22604
0.737134
-1.02525
2.19147
3.27014
1.69749
1.19342
-1.07984
1.35118
0.621062
1.32064
-0.139206
2.10846
0.227178
3.9472
2.12559
3.39622
1.39951
0.232076
1.10357
0.0924551
2.55576
2.82232
-0.432065
0.92864
-1.46544
2.10665
-1.60468
-0.217858
1.08082
1.72019
1.20625
0.538235
1.21208
0.27329
0.0842772
0.0562555
0.310449
2.19937
4.68901
1.1404
-1.42089
4.31981
4.63022
-1.13905
1.14427
1.13741
2.90128
1.84024
0.07941
2.37829
1.76787
-1.01259
0.736137
0.850693
0.0510129
-6.04369
6.05476
0.168243
-0.312896
-0.267518
3.48308
1.08926
1.74049
-2.79832
1.41474
0.380959
1.12824
-0.209105
7.18882
0.54538
-0.631173
0.978498
0.670778
1.31966
1.25897
1.58851
1.04512
-0.988122
-0.667882
0.442188
1.80327
1.17157
-1.33347
0.914607
0.409259
2.13252
0.670415
0.845153
0.415012
-1.75039
1.90191
3.31329
1.55456
1.43921
-0.688271
0.124448
1.12575
-0.529195
-0.368155
1.45667
1.88226
0.743262
2.83631
-1.27041
1.38852
1.87533
-2.04949
0.549079
0.865253
0.586461
1.72666
1.0194
0.62612
-0.953423
1.81043
0.399737
1.34463
-0.393557
1.92018
0.119195
1.12034
1.43083
1.1224
1.91735
0.803093
1.42576
0.982154
0.825065
1.56569
1.52857
1.3364
1.22472
1.88931
1.47031
3.86215
-0.727881
0.0153359
1.44284
0.931851
0.605821
2.41956
1.06109
1.05718
2.09189
1.52815
0.0571474
0.746703
-5.94111
-0.127413
0.550705
0.674559
0.445103
2.00426
0.396293
0.477617
1.15665
0.804504
0.29031
0.61058
1.84843
-0.0594357
0.867885
-0.0360446
1.04484
1.29098
1.42678
0.508201
-1.69725
5.16445
0.99011
1.42123
2.11438
0.72564
3.24638
1.72345
-0.0473606
0.152978
4.22176
1.16889
5.84692
1.85563
0.187513
0.792699
0.449313
1.08074
1.01189
-6.98432
0.346648
2.11621
0.760438
-0.435312
1.21327
4.80063
2.00265
1.08813
-0.00357124
0.829461
1.04009
1.0312
1.9805
0.803532
-1.01706
1.33158
0.625076
3.22609
3.18528
4.77048
1.49944
0.925257
7.17802
0.877942
0.782038
0.979964
0.772804
1.12512
1.26996
-2.69041
0.631241
0.969692
0.982315
0.851789
1.50555
-1.44144
3.50187
0.750651
-0.453312
1.6554
0.891895
1.46833
0.790815
1.20395
0.3807
1.23024
0.545173
-0.118001
1.34742
1.05284
0.447643
1.14325
0.510941
1.22141
0.0630042
1.14427
0.65782
5.03036
7.95338
1.05711
-0.899869
3.59096
1.12842
4.47992
1.67473
2.0019
1.01429
0.6803
2.121
3.40392
1.35165
0.920709
-0.00367042
-2.10131
1.45975
-0.228567
2.16447
0.894037
-0.22204
2.02052
-1.5506
0.598014
0.528267
0.376424
2.43745
2.76974
1.723
-2.7339
-1.92069
0.959041
0.784131
0.913227
0.646224
-1.70149
0.421652
1.30781
-2.98782
-0.655371
0.646748
1.28622
1.53421
0.957384
1.60203
2.24444
1.51446
0.598323
0.844699
1.0406
1.19354
-0.104798
-0.39132
3.05579
0.812573
1.14069
7.06638
4.2501
-1.0528
0.980637
0.796882
0.881165
3.90025
1.97066
1.61346
-0.437103
0.915355
2.48568
-6.17874
0.534199
0.35136
0.763559
1.06085
1.76007
4.50394
-1.61527
1.20938
0.651891
0.902183
-2.7037
-0.0204541
-0.1046
1.29552
0.858489
2.62496
0.224796
0.754854
-1.36777
1.57606
1.69226
0.159934
-1.70834
2.69309
2.85928
3.85486
0.126798
-0.0453536
0.667174
2.38983
3.86336
3.71741
1.06572
3.20801
-2.24745
0.650703
-0.0788705
6.23006
1.8038
2.78467
1.16139
1.52549
0.39995
1.32004
1.32117
0.725925
1.40258
2.66541
3.99483
1.52977
2.62854
-0.692341
0.696418
7.63358
1.0702
-1.37019
0.817559
-4.44133
1.4082
1.99966
0.441518
4.899
0.817218
0.113005
0.623975
1.48791
1.59588
0.975614
0.761275
3.95974
0.769493
0.458222
-2.52832
-0.310813
1.45884
4.47438
2.03999
0.395349
2.071
0.969844
0.274452
0.760508
-0.953031
0.778317
-2.30114
0.312029
0.0521845
1.18657
1.05493
1.46169
1.51952
1.51988
2.23782
0.642798
3.06463
-3.89621
1.01722
0.902099
1.79502
-0.752877
1.35078
1.46232
-0.165963
1.16834
2.00447
0.444608
1.44718
3.45695
2.97939
1.58302
0.854323
0.238733
0.944254
0.644982
-0.628503
-3.9689
-0.576408
0.847682
2.08628
3.46101
1.55443
2.53055
-1.19724
-1.00652
0.468226
0.402337
2.41943
1.88863
2.0016
1.47951
2.53815
-1.5841
1.36684
1.01043
0.19493
2.32663
5.77893
0.460794
-3.19669
1.25112
1.02649
1.20051
0.285747
1.193
5.52792
1.76277
3.27636
0.600038
0.655971
7.43596
0.944519
0.366593
2.952
1.45574
0.717578
1.61864
1.0642
1.35278
-2.46525
1.15075
1.18486
3.53183
3.87995
1.41642
0.881216
-3.81648
-0.212355
0.780945
0.0237135
0.33452
0.249819
4.46419
1.58915
1.63615
0.700448
-0.84779
2.19682
1.31589
-0.46048
1.49234
1.75007
0.63098
0.369298
2.57231
1.29283
-0.841779
-0.0845934
1.11613
-1.64493
1.95679
0.927122
0.66258
1.30717
1.75498
0.715238
1.62574
1.08305
0.186452
1.27931
0.355436
1.1198
1.23641
-0.140545
1.14141
0.346045
0.70421
1.29692
-0.610393
5.76833
3.73188
0.470649
1.24832
-0.739865
-0.749952
1.49555
1.17911
1.09379
-6.06946
1.3004
2.54172
1.23982
0.716335
2.1564
2.60771
0.47291
0.729437
1.77942
2.75483
0.814862
3.7652
5.48656
0.207721
-0.399247
-4.15348
-0.247892
0.94433
1.01147
-2.28053
2.91217
-0.723733
1.33088
0.786458
1.71202
2.21639
0.827273
2.57585
0.224106
0.958592
1.3005
1.58444
1.19974
4.88627
2.44174
1.79164
0.546444
-1.65016
-0.253949
1.25193
-0.00751002
1.87254
1.0398
1.46604
1.87192
0.869339
0.377784
0.552315
1.01881
-4.57695
1.16846
-0.278307
-3.12965
-0.376416
2.62065
6.74029
2.3041
1.05978
0.63355
2.18055
1.26772
1.10773
0.298596
0.406031
0.883559
0.893803
1.13458
1.51157
-1.28807
-1.07815
-2.17578
1.38558
0.686222
1.04308
7.62217
1.69311
0.24653
0.919368
1.43095
0.418758
1.46212
5.77666
1.90349
-1.01037
1.60045
-0.847768
0.477234
0.853207
-0.249382
2.06853
0.865523
1.19023
1.25553
-1.98739
0.609672
1.06886
0.0549901
1.17016
3.1679
0.543146
5.48505
1.21093
-1.34922
-0.7418
0.10081
-0.812999
2.60538
-4.4777
0.918316
0.174193
0.876492
0.984021
-3.84942
0.476704
2.50726
0.0270125
2.33975
3.47797
0.816812
-0.485389
-0.0349201
1.12122
1.37271
3.43767
7.16701
1.26754
0.889935
-6.59792
-0.0215674
0.409543
1.19291
0.428549
0.403575
-0.285841
3.4775
0.058978
0.766155
7.71617
-0.0780882
1.39754
1.10043
-0.34547
2.66581
0.804536
-0.224527
1.4945
-2.51335
0.908036
1.11865
1.73743
2.63311
1.24839
1.8443
1.24599
-0.0163294
1.27003
-2.82233
0.4532
1.3045
0.59341
-0.906008
-1.49269
0.295797
-0.605182
1.37345
0.400562
-0.433804
2.20655
1.66602
1.25113
1.41383
0.650538
-1.11654
0.385865
1.10981
3.51475
1.76891
0.760946
-0.198693
2.86603
1.86597
2.53061
1.73
0.142618
6.72815
2.73815
1.66607
2.1823
4.78096
1.48645
0.580508
1.37773
0.928195
-2.52244
-1.64999
1.72736
2.93929
2.24112
1.49348
2.56769
0.672791
-4.28772
-1.91191
1.06641
7.02279
1.26605
-0.69672
1.31527
0.920505
-2.94019
2.88846
0.881591
-1.10025
0.241321
1.49441
-3.97601
-0.524627
0.450086
1.41623
-0.506953
0.692364
-1.27583
1.74324
0.703482
0.950829
0.396432
2.11739
1.8691
2.45605
2.29348
0.218275
-3.5663
2.10231
-0.298914
1.46225
-5.68752
2.24741
0.871194
2.19335
0.674571
1.08946
0.481769
2.78238
3.60051
-0.091779
1.26898
1.11232
1.13043
0.336322
0.737523
0.619338
-0.03985
-0.345754
-0.647522
4.34618
1.26339
0.429858
1.16532
1.04174
-0.746717
0.982694
1.68208
-0.498254
2.02777
0.53962
-0.550537
0.362065
2.05653
0.467055
0.526541
-0.66961
-5.46495
0.78601
-0.254198
-3.99514
4.99222
0.983524
0.593029
1.69062
0.239822
2.97371
1.32222
2.43618
1.2661
0.299876
4.48878
3.12771
0.472451
6.33984
1.9508
0.452318
0.669651
0.757905
2.26948
-1.36425
-0.476864
1.16799
-1.53056
2.58044
2.37075
1.47031
0.633345
1.85586
-1.54271
0.704046
4.88432
1.26251
0.526104
1.97552
1.70013
-0.670349
-1.78089
0.683374
-2.1009
1.04669
-0.767994
2.21803
-0.174334
-0.304938
0.345163
-2.08634
4.03112
-3.27648
1.31588
-0.662656
0.745539
2.7997
0.0126958
1.24965
0.338205
0.192174
2.85563
-1.65924
0.956011
1.32221
0.0851434
1.14551
0.531242
-2.33864
-5.13267
-0.0881096
-1.1056
0.57626
-5.16878
2.28189
1.5536
0.622689
1.72977
2.33887
0.252819
1.1401
1.42495
0.203396
7.54113
0.345358
1.81011
5.20515
1.42078
-0.345275
2.0628
-0.106799
0.925492
1.03832
1.7534
4.86207
0.380136
-1.12991
0.535906
0.178393
0.761647
3.32513
0.982838
-0.00629022
1.16441
1.03087
-6.03443
0.681983
1.81735
1.11979
0.39665
-1.17562
2.11294
-3.40273
5.48624
0.583793
3.34898
0.906608
0.897113
1.07267
-0.334305
1.23291
0.290364
-0.758145
0.293368
1.62161
0.73104
0.343631
0.543483
-6.71996
1.33743
7.19059
-7.1103
-0.614512
-0.661006
0.54665
-1.44367
-1.7916
0.988542
0.802438
2.02195
1.2603
0.916415
1.03291
0.0192597
-2.2288
0.52863
2.12759
0.610044
0.841268
0.603733
-4.0568
1.7534
0.93872
0.284403
0.265482
0.168916
1.43039
3.57995
1.63865
0.330634
0.650637
1.44287
1.68189
1.18443
1.16842
5.36687
2.74457
3.07232
-0.530995
1.33127
1.32279
1.03721
0.513166
1.53985
-1.25353
0.546603
0.969609
-2.60221
1.38556
1.0983
1.04965
0.262101
3.8058
-0.371288
1.45098
0.0261047
-1.98593
1.23232
1.04668
1.20024
-5.00612
1.02075
0.781203
1.98344
3.09361
0.614779
-5.60056
-0.728251
1.18941
2.13169
3.16413
3.84744
1.28372
0.659276
2.08372
-0.123286
0.853399
1.47591
1.54779
-0.926993
5.03104
0.396178
4.2551
0.684453
0.721566
0.400577
1.27345
-0.887449
0.711781
1.14087
0.539008
3.38973
0.777674
1.70245
0.99125
1.20082
0.283242
2.09875
0.599096
2.8158
0.738193
0.963894
1.11838
1.11169
2.0155
1.73003
4.24541
1.75624
6.14124
-0.263355
0.830297
1.53549
1.50949
1.79174
0.0909312
0.556884
7.1642
0.100326
0.951659
1.91162
-0.180825
0.682012
1.87127
1.95103
1.01624
0.308497
0.0944253
0.0765574
1.57673
1.0331
0.665671
1.6414
-0.318572
0.0377161
1.17125
1.37312
0.890643
2.5697
-4.02328
2.66113
3.39892
0.0268007
1.27228
1.83121
0.880263
0.979244
0.226035
1.3221
0.553768
1.46314
0.491532
-2.81745
0.397208
0.846914
-7.40031
0.537544
0.134827
1.35858
-0.661077
-4.96485
0.218333
-0.978626
1.0734
1.58158
-0.31873
2.85828
0.0919706
2.15846
0.684118
-0.329002
1.15038
0.733259
2.64348
0.906972
0.8263
0.882318
-0.381429
1.5359
2.09311
2.49626
-0.244625
0.180297
1.14012
1.69852
1.03239
1.15209
3.09693
1.70934
3.34716
0.773734
1.12905
0.999847
0.674363
0.685618
0.412888
-2.73725
0.767542
1.16436
-1.90147
1.06436
0.998003
-0.49011
1.6432
0.0129596
2.71082
2.52158
0.658727
2.36336
1.7481
3.86444
0.0533831
0.302915
0.295439
1.67041
1.88683
-0.407791
0.99442
2.34118
1.53015
-1.29884
3.11452
-0.614549
0.44084
0.682484
3.50481
1.53475
0.306451
3.14041
0.676838
1.80876
-3.30279
3.20343
0.0709757
0.722391
0.909869
0.683046
-0.186393
0.519539
1.02916
0.912762
-6.50671
2.21314
3.52421
-0.582965
3.1082
1.96377
0.335445
1.51151
0.554402
1.80724
-1.14431
0.643948
-1.95165
0.0231098
0.867537
0.861664
2.16579
0.298091
1.18537
0.947693
0.765812
0.95832
1.19001
2.90653
0.977145
0.930329
-3.01695
1.14894
1.0234
1.63671
3.39968
0.561206
0.738478
2.62032
1.27942
3.88196
0.525588
-0.418229
1.14777
0.506534
1.67946
5.25182
0.472463
-0.394939
0.76264
3.105
-5.12783
1.85996
1.94642
2.60454
1.41234
1.33584
0.409333
-0.0036811
-0.587534
0.530937
2.45363
2.51761
0.630283
0.766471
2.05849
0.145677
-2.65946
-0.11315
0.534155
0.405917
0.938685
4.11903
3.05486
1.48532
0.967013
-0.47111
2.19866
0.889497
1.32025
-1.84723
1.12205
1.1106
1.37124
2.40336
0.687907
0.816563
1.84474
3.1604
2.29554
0.752325
1.74138
2.05011
1.01917
0.558351
6.39094
1.53808
1.47929
0.506102
0.591189
-1.12427
0.790996
1.24449
-0.917667
2.36114
-2.71381
1.60581
1.02602
0.781823
-3.66796
1.5728
0.7487
-0.141552
1.03327
0.788693
1.26411
1.78345
-1.14659
1.08291
1.48662
1.18717
1.73036
2.66356
-1.22513
0.970913
-2.65701
1.20936
0.390829
-1.34599
0.817981
1.83181
1.0562
0.456184
-0.0136734
2.05453
